2020	1	629103
2020	2	654666
2020	3	250924
2020	4	0
2020	5	0
2020	6	14398
2020	7	205622
2020	8	309360
2020	9	247095
2020	10	145349
2020	11	60015
2020	12	76469
2021	1	54353
2021	2	33046
2021	3	38870
2021	4	53307
2021	5	77588
2021	6	202549
2021	7	383358
2021	8	462919
2021	9	429099
2021	10	446537
2021	11	459351
2021	12	431097
2022	1	323288
2022	2	398278
2022	3	476712
2022	4	593515
2022	5	681275
2022	6	718662
2022	7	744913
2022	8	777267
2022	9	716702
2022	10	745133
2022	11	569162
2022	12	622269
2023	1	611613
2023	2	591021
2023	3	687311
2023	4	774654
2023	5	839625
2023	6	867403
2023	7	918899
2023	8	913230
2023	9	884381
2023	10	868810
2023	11	713506
2023	12	734158
2024	1	691881
2024	2	685139
2024	3	790427
2024	4	925820
2024	5	1006407
2024	6	1001079
2024	7	1071508
2024	8	1105945
2024	9	1040849
2024	10	1029476
2024	11	853466
2024	12	879253
2025	1	796195
2025	2	857310
2025	3	988165
2025	4	1075160
2025	5	1156708
2025	6	1182387
2025	7	1278890
2025	8	1322680
2025	9	1215061
2025	10	1212806
2025	11	1068435
2025	12	1095752
2026	1	921568

