   8.5065693e+00  -4.8083320e-01
   8.4176817e+00   1.4235020e+01
   8.3287942e+00   8.8784188e+00
   8.2399067e+00   1.2645325e+01
   8.0176844e+00   9.5015560e+00
   7.8399060e+00  -5.1761457e-01
   7.6621275e+00   6.0248636e-01
   7.4843491e+00   7.9628243e+00
   7.0621248e+00   6.0678012e+00
   6.6843443e+00   2.3364374e+00
   6.3065638e+00   9.8677861e+00
   5.9287833e+00   1.9167588e+01
   5.5510029e+00  -2.7226021e+00
   5.3065571e+00   3.1967272e+00
   5.0621113e+00   1.6922539e+01
   4.8176655e+00   1.4816465e+01
   4.5732197e+00   4.1439669e-01
   4.5732197e+00  -1.9892866e+00
   4.5732197e+00   5.6356306e+00
   4.5732197e+00  -6.7409699e-01
   4.5732197e+00   7.6865173e+00
   4.5732197e+00   2.9653066e+00
   4.5732197e+00   3.2762268e+00
   4.5732197e+00   1.3583298e-01
   4.5732197e+00   7.3305682e+00
   4.5732197e+00  -6.8282184e-01
   4.5732197e+00  -1.3593869e+00
   4.5732197e+00   5.8834499e+00
   4.5732197e+00  -4.3941930e+00
   4.5732197e+00   1.9024997e+01
   4.5732197e+00   8.1512278e+00
   4.5732197e+00   2.3224331e+00
   4.5732197e+00   1.4150443e+00
   4.5732197e+00   7.4169632e+00
   4.5732197e+00   9.0558397e+00
   4.5732197e+00  -4.8964646e+00
   4.6398870e+00   4.6612601e+00
   4.7287779e+00   1.0867903e+01
   4.8176688e+00   2.4531225e+00
   4.9287800e+00   6.7791196e+00
   5.0398911e+00   1.4068268e+01
   5.1510022e+00   1.0784387e+00
   5.2621133e+00   1.1317905e+01
   5.4398917e+00   8.1507721e+00
   5.6176702e+00   1.1693586e+01
   5.7287813e+00   7.6699476e+00
   5.8176688e+00   1.2250400e+01
   5.9065564e+00   7.3548414e-01
   5.7954453e+00   9.5058027e-01
   5.6843342e+00   1.1615805e+01
   5.5732230e+00   6.4904687e+00
   5.4621119e+00  -5.1486830e+00
   5.1065584e+00   8.3867633e+00
   4.7510049e+00   8.5138215e+00
   4.3954514e+00  -9.0761051e+00
   3.9510069e+00  -3.3131809e-01
   3.5065625e+00   1.4835920e+01
   3.2398965e+00  -2.6479750e+00
   3.0621214e+00  -3.4330755e+00
   2.8843464e+00   4.8727115e+00
   2.7065713e+00   5.6470933e+00
   2.7510151e+00   2.7979652e+00
   2.7954588e+00  -3.5490315e+00
   2.8399026e+00  -2.1894751e-01
   2.9732373e+00  -8.5660873e+00
   3.1065720e+00   3.4683326e+00
   3.2399067e+00  -5.1190392e+00
   3.2843504e+00   2.6749791e+00
   3.3287942e+00   9.6874212e+00
   3.3065706e+00   9.6648417e+00
   3.2399033e+00   4.4366157e+00
   3.1732359e+00   8.9301232e+00
   3.1065686e+00   2.4652252e+00
   3.0399012e+00  -2.2347558e+00
   2.9732339e+00  -4.8104901e+00
   2.9065666e+00  -2.9829639e+00
   2.7732319e+00  -3.0278843e+00
   2.6398972e+00  -6.3270662e+00
   2.5732298e+00   5.8239256e+00
   2.5065625e+00   1.1224684e+00
   2.4398951e+00   1.3560173e+00
   2.3732278e+00   9.6460038e-02
   2.3065604e+00   5.8105570e+00
   2.1732258e+00  -8.4078308e-01
   2.0398911e+00  -5.7306676e+00
   1.9732237e+00  -3.9196658e+00
   1.9065564e+00  -1.3135984e+01
   1.8398890e+00  -2.9793200e+00
   1.7732217e+00   5.8496853e+00
   1.7065543e+00   2.7618958e+00
   1.6398870e+00  -6.4389112e+00
   1.5732197e+00   3.6221712e+00
   1.5732197e+00  -9.8092071e+00
   1.5732197e+00   7.4011938e+00
   1.6398870e+00  -3.4222000e-03
   1.7065543e+00   5.7344150e+00
   1.7732217e+00  -1.0387190e+01
   1.8398890e+00   1.2004891e+00
   1.9065564e+00   8.6406753e+00
   1.9732237e+00  -7.8389208e+00
   2.0398911e+00   3.8409138e+00
   2.1065584e+00  -4.6321131e-01
   2.1732258e+00   1.9331049e+00
   2.1732258e+00   2.6250902e+00
   2.1732258e+00   5.8736434e+00
   2.1732258e+00   9.9400516e+00
   2.1732258e+00  -8.3495837e+00
   2.1732258e+00   8.5119556e+00
   2.1732258e+00   1.0711889e+01
   2.1732258e+00  -6.5029706e-01
   2.1732258e+00   8.8820070e+00
   2.1732258e+00   4.1668437e+00
   2.1732258e+00   3.6316106e+00
   2.1732258e+00  -6.4121502e+00
   2.1732258e+00   8.6694987e-01
   2.7510049e+00  -5.7077679e+00
   3.3287840e+00  -3.0881872e+00
   3.9065632e+00   2.0044655e+01
   4.5510096e+00   1.1872049e+01
   5.1954561e+00  -2.3163539e-01
   5.8399026e+00   1.1607526e+01
   6.4843491e+00  -2.6861276e+00
   7.1287956e+00  -9.0051181e-01
   7.7732420e+00   8.5322800e+00
   7.9065733e+00   1.0673075e+01
   8.0399046e+00   9.0855590e+00
   8.1732359e+00   1.3662409e+01
   8.2398999e+00   1.0693196e+01
   8.3510110e+00   1.1855236e+01
   8.4621221e+00   6.3485901e+00
   8.5732332e+00   1.5446568e+01
   8.6843443e+00   1.5861543e+01
   8.7954554e+00   7.4211090e-01
   8.8399026e+00   1.1965894e+01
   8.8843498e+00   2.8834789e+00
   9.0621282e+00  -2.9025273e+00
   9.2399067e+00   1.6663825e+01
   9.3732380e+00   7.8769727e+00
   9.5065693e+00  -2.3974797e+00
   9.6399006e+00   6.8921005e+00
   9.7732319e+00   1.7916753e+01
   9.9065632e+00   9.8293490e+00
   1.0039894e+01   1.1614282e+01
   1.0173226e+01   5.4050973e+00
   1.0173226e+01   4.5330909e+00
   1.0173226e+01   4.4167604e+00
   1.0173226e+01   2.0881457e+01
   1.0328781e+01   5.6377023e+00
   1.0484336e+01   1.1464609e+01
   1.0639890e+01   2.3801327e+01
   1.0795445e+01   1.6653541e+01
   1.0951000e+01   1.0166225e+01
   1.1106555e+01   8.3673538e+00
   1.1262110e+01   2.4556095e+01
   1.1417665e+01   1.0413631e+00
   1.1573220e+01   8.4005811e+00
   1.1573220e+01   1.5110649e+01
   1.1573220e+01   1.2284483e+01
   1.1662111e+01   1.1962669e+01
   1.1751002e+01   1.1404640e+01
   1.1839892e+01   4.0405533e+00
   1.1928783e+01   1.4337968e+00
   1.2017674e+01   1.3480888e+01
   1.2106565e+01   9.8873060e+00
   1.2195456e+01   8.1466060e+00
   1.2284347e+01   1.4292801e+01
   1.2373238e+01   1.5711146e+01
   1.2373238e+01   7.5066259e+00
   1.2373238e+01   1.2272376e+01
   1.2639904e+01   1.3475332e+01
   1.2906570e+01   1.6567912e+01
   1.3173236e+01   1.4140517e+01
   1.3439902e+01   2.3211348e+01
   1.3706568e+01   8.8647005e+00
   1.4084345e+01   9.1165970e+00
   1.4462122e+01   2.4437484e+01
   1.4839899e+01   1.5804057e+01
   1.5217676e+01   9.8442879e+00
   1.5328787e+01   2.6048891e+01
   1.5439899e+01   1.5094118e+01
   1.5551010e+01   1.2090738e+01
   1.5662121e+01   1.8334499e+01
   1.5773232e+01   1.6087446e+01
   1.5773232e+01   1.3834754e+01
   1.5773232e+01   8.8835976e+00
   1.5773232e+01   2.1894593e+01
   1.5773232e+01   2.6097921e-01
   1.5773232e+01   1.3970546e+01
   1.5773232e+01   1.4952862e+01
   1.5773232e+01   1.6145269e+01
   1.5773232e+01   8.7092460e+00
   1.5773232e+01   2.3831124e+01
   1.5773232e+01   1.2164339e+01
   1.5773232e+01   7.4957662e+00
   1.5773232e+01   2.0034895e+01
   1.5995454e+01   1.6387201e+01
   1.6217676e+01   9.5640611e+00
   1.6439899e+01   1.4603279e+01
   1.6662121e+01   2.4352566e+01
   1.6884343e+01   1.0385861e+01
   1.7106565e+01   1.6173674e+01
   1.7373231e+01   1.7867692e+01
   1.7639897e+01   1.4758640e+01
   1.7906563e+01   1.2325089e+01
   1.7951007e+01   2.3572477e+01
   1.7995451e+01   1.7579271e+01
   1.8039894e+01   1.9641645e+01
   1.8084338e+01   2.2721205e+01
   1.8128782e+01   1.9787757e+01
   1.8173226e+01   1.4631147e+01
   1.8173226e+01   2.7690259e+01
   1.8173226e+01   1.9671556e+01
   1.8239893e+01   1.1578335e+01
   1.8306560e+01   2.0201180e+01
   1.8373228e+01   1.9461299e+01
   1.8439895e+01   8.1326632e+00
   1.8551006e+01   1.4108521e+01
   1.8662117e+01   2.0332112e+01
   1.8773228e+01   1.8456502e+01
   1.8884340e+01   1.9602422e+01
   1.8995451e+01   2.1367312e+01
   1.9084338e+01   1.9683558e+01
   1.9173226e+01   1.1417787e+01
   1.9284337e+01   2.0787439e+01
   1.9395448e+01   1.9884754e+01
   1.9462115e+01   1.9304712e+01
   1.9528783e+01   2.6175445e+01
   1.9639894e+01   1.8935117e+01
   1.9751005e+01   6.8560017e+00
   1.9862116e+01   2.0366053e+01
   1.9928783e+01   3.0270610e+01
   1.9995451e+01   2.3125663e+01
   2.0039894e+01   2.1933613e+01
   2.0084338e+01   2.8112198e+01
   2.0195449e+01   1.5062185e+01
   2.0306560e+01   1.1138150e+01
   2.0373228e+01   2.6795386e+01
   2.0439895e+01   2.0080704e+01
   2.0506562e+01   1.0685389e+01
   2.0573230e+01   2.6153707e+01
   2.0639897e+01   2.9251259e+01
   2.0773232e+01   1.8897552e+01
   2.0906567e+01   2.1901413e+01
   2.0973234e+01   2.5146417e+01
   2.1039901e+01   1.3885704e+01
   2.1106569e+01   2.0779265e+01
   2.1173236e+01   2.9524675e+01
   2.1239903e+01   1.3020350e+01
   2.1306571e+01   2.4051051e+01
   2.1417682e+01   3.0502926e+01
   2.1462125e+01   2.0314725e+01
   2.1506569e+01   1.6647957e+01
   2.1484346e+01   3.1631889e+01
   2.1462122e+01   2.5249730e+01
   2.1439899e+01   1.8721109e+01
   2.1351008e+01   2.2505874e+01
   2.1262117e+01   1.9989782e+01
   2.1173226e+01   1.5988470e+01
   2.0973227e+01   2.3319312e+01
   2.0773228e+01   2.0412395e+01
   2.0528783e+01   1.8114393e+01
   2.0351004e+01   1.5325255e+01
   2.0173226e+01   1.6596607e+01
   1.9973227e+01   2.6555602e+01
   1.9839896e+01   1.9878703e+01
   1.9706565e+01   2.1559733e+01
   1.9573233e+01   2.5636306e+01
   1.9484342e+01   1.6927415e+01
   1.9395451e+01   2.3514415e+01
   1.9351008e+01   2.4555992e+01
   1.9351008e+01   1.7444036e+01
   1.9351008e+01   2.0209165e+01
   1.9395451e+01   2.3784409e+01
   1.9439895e+01   1.2528697e+01
   1.9484339e+01   2.3313211e+01
   1.9484339e+01   2.1139784e+01
   1.9506562e+01   1.7999553e+01
   1.9528786e+01   1.1330971e+01
   1.9551010e+01   2.3615048e+01
   1.9484346e+01   2.7432640e+01
   1.9417682e+01   9.9508312e+00
   1.9328794e+01   2.4809473e+01
   1.9284350e+01   1.4417673e+01
   1.9239907e+01   1.8918310e+01
   1.9239907e+01   2.7211203e+01
   1.9239907e+01   2.3751764e+01
   1.9239907e+01   1.0849344e+01
   1.9239907e+01   2.6225659e+01
   1.9284350e+01   1.7919062e+01
   1.9328794e+01   1.4298143e+01
   1.9373238e+01   1.9680123e+01
   1.9662128e+01   2.6044238e+01
   1.9951017e+01   1.9132940e+01
   2.0239907e+01   1.8121796e+01
   2.0617684e+01   2.5579903e+01
   2.0995461e+01   2.1488671e+01
   2.1373238e+01   1.7751812e+01
   2.1751015e+01   2.2075182e+01
   2.2239903e+01   2.3045183e+01
   2.2728791e+01   1.7127560e+01
   2.2928790e+01   2.2389772e+01
   2.3128789e+01   2.2622247e+01
   2.3328787e+01   1.6287807e+01
   2.3551010e+01   2.1947188e+01
   2.3773232e+01   2.9597868e+01
   2.3995454e+01   2.0769370e+01
   2.4217676e+01   2.0381713e+01
   2.4328787e+01   2.4871376e+01
   2.4439899e+01   1.7777796e+01
   2.4506566e+01   1.6687521e+01
   2.4573233e+01   2.3314560e+01
   2.4639901e+01   3.3399701e+01
   2.4595457e+01   2.6217906e+01
   2.4528789e+01   2.8367887e+01
   2.4462122e+01   3.4132069e+01
   2.4395455e+01   2.2315381e+01
   2.4328787e+01   2.0397494e+01
   2.4262120e+01   3.3490038e+01
   2.4151009e+01   1.8352130e+01
   2.4062118e+01   1.7990336e+01
   2.3973227e+01   3.0682892e+01
   2.3884336e+01   2.0283382e+01
   2.3862116e+01   1.4590623e+01
   2.3839896e+01   2.3188359e+01
   2.3817676e+01   2.2726091e+01
   2.3795455e+01   1.2091254e+01
   2.3773235e+01   2.1273392e+01
   2.3839903e+01   3.0003248e+01
   2.3884350e+01   3.2006536e+01
   2.3928797e+01   2.1728729e+01
   2.3973244e+01   3.0621689e+01
   2.3973244e+01   3.0190171e+01
   2.3973244e+01   2.1643949e+01
   2.3973244e+01   2.5953627e+01
   2.3973244e+01   2.4568164e+01
   2.3973244e+01   2.2287917e+01
   2.3973244e+01   2.4222326e+01
   2.4151019e+01   2.4875168e+01
   2.4328794e+01   1.7187019e+01
   2.4551016e+01   2.1625631e+01
   2.4773239e+01   2.7043922e+01
   2.4995461e+01   2.5264483e+01
   2.5217683e+01   2.9325821e+01
   2.5395458e+01   2.8347332e+01
   2.5573233e+01   2.5661699e+01
   2.5751008e+01   2.9834727e+01
   2.5751008e+01   2.8743794e+01
   2.5751008e+01   2.1555956e+01
   2.5706561e+01   2.6537028e+01
   2.5662114e+01   2.8887755e+01
   2.5617667e+01   3.5096195e+01
   2.5573220e+01   1.4429354e+01
   2.5573220e+01   2.1071602e+01
   2.5573220e+01   2.1809649e+01
   2.5573220e+01   2.2565627e+01
   2.5573220e+01   2.6131049e+01
   2.5573220e+01   2.7046433e+01
   2.5573220e+01   2.6609234e+01
   2.5573220e+01   2.4410052e+01
   2.5573220e+01   3.1273309e+01
   2.5573220e+01   3.0620208e+01
   2.5573220e+01   2.8678223e+01
   2.5573220e+01   2.6277823e+01
   2.5573220e+01   3.5108894e+01
   2.5573220e+01   2.6432978e+01
   2.5573220e+01   3.0334423e+01
   2.5573220e+01   2.1327037e+01
   2.5573220e+01   3.0162030e+01
   2.5573220e+01   2.7825882e+01
   2.5573220e+01   2.7828644e+01
   2.5573220e+01   2.2353005e+01
   2.5573220e+01   2.6803403e+01
   2.5573220e+01   3.9753249e+01
   2.5573220e+01   3.0292013e+01
   2.5573220e+01   2.4303272e+01
   2.5573220e+01   3.8043739e+01
   2.5573220e+01   2.1465715e+01
   2.5573220e+01   1.8136934e+01
   2.5573220e+01   2.7225605e+01
   2.5573220e+01   2.3684983e+01
   2.5573220e+01   2.1236061e+01
   2.5573220e+01   2.7390125e+01
   2.5573220e+01   3.0808233e+01
   2.5573220e+01   1.7922864e+01
   2.5573220e+01   3.1304154e+01
   2.6906553e+01   2.9315809e+01
   2.8239886e+01   2.8389516e+01
   2.9573220e+01   3.7124812e+01
   3.0906553e+01   3.5229715e+01
   3.2239886e+01   3.3602420e+01
   3.3573220e+01   2.7582648e+01
   3.4906553e+01   3.9702186e+01
   3.6239886e+01   3.1004362e+01
   3.7573220e+01   3.3389004e+01
   3.7573220e+01   3.6409758e+01
   3.7573220e+01   3.9014455e+01
   3.7573220e+01   3.0049177e+01
   3.7573220e+01   4.3962652e+01
   3.7573220e+01   4.1116285e+01
   3.7573220e+01   2.7924522e+01
   3.7573220e+01   2.7429264e+01
   3.7573220e+01   3.3508050e+01
   3.7573220e+01   3.0151850e+01
   3.7573220e+01   3.5215740e+01
   3.7573220e+01   4.3057107e+01
   3.7573220e+01   2.9872479e+01
   3.7573220e+01   2.5386822e+01
   3.7573220e+01   3.8543171e+01
   3.7573220e+01   3.0392444e+01
   3.7573220e+01   3.3172996e+01
   3.7573220e+01   3.3722091e+01
   3.7573220e+01   4.2856170e+01
   3.7573220e+01   3.0894917e+01
   3.7573220e+01   3.9384379e+01
   3.7573220e+01   3.6172263e+01
   3.7573220e+01   4.2117513e+01
   3.7573220e+01   3.7927942e+01
   3.7573220e+01   4.0501578e+01
   3.7573220e+01   2.8144432e+01
   3.8839889e+01   3.8949249e+01
   4.0106558e+01   3.8028167e+01
   4.1373228e+01   3.6183342e+01
   4.2639897e+01   3.4830737e+01
   4.3906567e+01   4.2498064e+01
   4.5173236e+01   4.4292001e+01
   4.6439905e+01   5.1443987e+01
   4.7706575e+01   5.2092608e+01
   4.8973244e+01   5.7867008e+01
   4.8973244e+01   3.2214971e+01
   4.8973244e+01   4.7139851e+01
   4.8973244e+01   5.2884366e+01
   4.8973244e+01   4.5570482e+01
   4.8973244e+01   5.5527185e+01
   4.8973244e+01   5.1142634e+01
   4.8973244e+01   4.3345198e+01
   4.8973244e+01   4.6843655e+01
   4.8973244e+01   4.5133441e+01
   4.8973244e+01   5.7039991e+01
   4.8973244e+01   5.0285089e+01
   4.8973244e+01   6.2368599e+01
   4.8973244e+01   5.4646598e+01
   4.8973244e+01   4.6406548e+01
   4.8973244e+01   5.5026689e+01
   4.8973244e+01   5.2721454e+01
   4.8973244e+01   4.5065602e+01
   4.8973244e+01   4.3144380e+01
   4.8973244e+01   4.8382887e+01
   4.8973244e+01   4.7797021e+01
   4.8973244e+01   4.8605470e+01
   4.8973244e+01   5.8285065e+01
   4.8973244e+01   4.5164051e+01
   4.8973244e+01   4.3400960e+01
   4.8973244e+01   4.6403659e+01
   4.8973244e+01   4.4849079e+01
   4.8973244e+01   4.5811386e+01
   4.8973244e+01   4.9706244e+01
   4.8973244e+01   5.8768621e+01
   4.8973244e+01   4.3388365e+01
   4.8973244e+01   5.2384954e+01
   4.8973244e+01   5.0045739e+01
   4.8973244e+01   4.8904467e+01
   4.8973244e+01   5.3013039e+01
   4.8973244e+01   5.1912061e+01
   4.8973244e+01   4.8620642e+01
   4.8973244e+01   3.1860228e+01
   4.8973244e+01   5.0142520e+01
   4.8973244e+01   5.1179837e+01
   4.8639911e+01   4.4587775e+01
   4.8306577e+01   5.9280037e+01
   4.7973244e+01   5.2281265e+01
   4.7639911e+01   4.4776538e+01
   4.7306577e+01   4.9739205e+01
   4.6973244e+01   4.5027367e+01
   4.6639911e+01   4.1600012e+01
   4.6306577e+01   4.7869966e+01
   4.5973244e+01   4.7935553e+01
   4.5973244e+01   3.2714109e+01
   4.5973244e+01   4.7472299e+01
   4.5973244e+01   4.2770036e+01
   4.5973244e+01   3.9976515e+01
   4.5973244e+01   4.4894343e+01
   4.5973244e+01   4.7618239e+01
   4.5973244e+01   4.3929472e+01
   4.5973244e+01   3.4221256e+01
   4.5973244e+01   4.4342522e+01
   4.5973244e+01   3.8301608e+01
   4.5973244e+01   4.3611206e+01
   4.5973244e+01   4.4383256e+01
   4.5973244e+01   4.4223685e+01
   4.5973244e+01   4.3021761e+01
   4.5973244e+01   5.8385805e+01
   4.5973244e+01   5.1838278e+01
   4.5973244e+01   4.6975458e+01
   4.5973244e+01   5.1342816e+01
   4.5973244e+01   5.1100336e+01
   4.5973244e+01   4.7735221e+01
   4.5973244e+01   4.2712281e+01
   4.5973244e+01   4.8551743e+01
   4.5973244e+01   5.5012718e+01
   4.5973244e+01   4.3607379e+01
   4.5973244e+01   5.0986611e+01
   4.5973244e+01   4.8361128e+01
   4.4906577e+01   4.7249082e+01
   4.3839909e+01   3.9678359e+01
   4.2773242e+01   5.0998131e+01
   4.1706575e+01   3.4884886e+01
   4.0684351e+01   3.4766705e+01
   3.9662128e+01   4.1026616e+01
   3.8639904e+01   4.7651214e+01
   3.7617680e+01   2.8946845e+01
   3.6595457e+01   3.3665426e+01
   3.6639901e+01   4.0568877e+01
   3.6706568e+01   2.7677974e+01
   3.6773235e+01   3.2796680e+01
   3.6839903e+01   4.2610735e+01
   3.6862126e+01   3.4934139e+01
   3.6884350e+01   4.2872300e+01
   3.6906573e+01   4.2392295e+01
   3.6928797e+01   4.2065747e+01
   3.6951020e+01   3.8729804e+01
   3.6973244e+01   4.9564827e+01
   3.6973244e+01   3.7005659e+01
   3.6973244e+01   2.3244206e+01
   3.7151019e+01   3.6842128e+01
   3.7328794e+01   3.6857523e+01
   3.7506569e+01   3.4067805e+01
   3.7684344e+01   3.6029333e+01
   3.7862119e+01   4.4172936e+01
   3.8039894e+01   3.6001767e+01
   3.8217670e+01   4.8352401e+01
   3.8395445e+01   3.6706538e+01
   3.8573220e+01   3.6322019e+01
   3.8573220e+01   3.4855732e+01
   3.8573220e+01   4.8987848e+01
   3.8573220e+01   4.1243509e+01
   3.8573220e+01   3.9625078e+01
   3.8573220e+01   4.2097208e+01
   3.8573220e+01   4.3867707e+01
   3.8573220e+01   4.1307147e+01
   3.8573220e+01   3.6742364e+01
   3.8573220e+01   3.6512136e+01
   3.8573220e+01   3.4253990e+01
   3.8573220e+01   3.5580843e+01
   3.8573220e+01   4.7582017e+01
   3.8573220e+01   3.3769138e+01
   3.8573220e+01   3.1039928e+01
   3.8573220e+01   4.2827778e+01
   3.8573220e+01   3.3379335e+01
   3.8573220e+01   2.9052507e+01
   3.8573220e+01   4.5130921e+01
   3.8573220e+01   3.6265693e+01
   3.8573220e+01   3.6409918e+01
   4.0039888e+01   4.9391654e+01
   4.1506556e+01   4.3031834e+01
   4.2973224e+01   3.5340492e+01
   4.4439892e+01   4.6669310e+01
   4.5906560e+01   5.2489574e+01
   4.7373228e+01   4.5302273e+01
   4.8839896e+01   4.8987372e+01
   5.0306564e+01   5.3047426e+01
   5.1773232e+01   4.5017127e+01
   5.1773232e+01   4.8264821e+01
   5.1773232e+01   5.6210131e+01
   5.1773232e+01   5.4234684e+01
   5.1773232e+01   5.1702759e+01
   5.1773232e+01   5.6677554e+01
   5.1773232e+01   4.9293866e+01
   5.1773232e+01   4.0069637e+01
   5.1773232e+01   5.3497513e+01
   5.1773232e+01   5.3458442e+01
   5.1773232e+01   4.8373544e+01
   5.1773232e+01   3.9781873e+01
   5.1773232e+01   5.9071830e+01
   5.1773232e+01   5.0643693e+01
   5.1773232e+01   5.0219760e+01
   5.1773232e+01   5.4183482e+01
   5.1773232e+01   5.4138158e+01
   5.1773232e+01   4.9198699e+01
   5.1773232e+01   5.2023787e+01
   5.1773232e+01   5.2062839e+01
   5.1773232e+01   4.3253388e+01
   5.1773232e+01   4.9874952e+01
   5.1773232e+01   6.1840411e+01
   5.1773232e+01   3.7979346e+01
   5.1773232e+01   4.6061447e+01
   5.1773232e+01   6.9003134e+01
   5.1773232e+01   4.7924917e+01
   5.1773232e+01   5.2077555e+01
   5.1773232e+01   6.2366052e+01
   5.1773232e+01   3.9055567e+01
   5.1773232e+01   5.9183804e+01
   5.1773232e+01   6.1206566e+01
   5.1773232e+01   4.6350599e+01
   5.1773232e+01   4.6563687e+01
   5.1773232e+01   5.6990617e+01
   5.1773232e+01   4.7712851e+01
   5.1773232e+01   4.3981079e+01
   5.1773232e+01   5.1596962e+01
   5.1773232e+01   5.2904089e+01
   5.1773232e+01   4.4421302e+01
   5.1773232e+01   5.5424844e+01
   5.1773232e+01   5.6186544e+01
   5.1773232e+01   5.6770420e+01
   5.2595453e+01   4.7886418e+01
   5.3417675e+01   6.1737995e+01
   5.4239896e+01   5.6615016e+01
   5.5062118e+01   5.5100108e+01
   5.5884340e+01   5.9710750e+01
   5.6706561e+01   5.6724147e+01
   5.7528783e+01   4.7149329e+01
   5.8351004e+01   6.5591904e+01
   5.9173226e+01   6.0822706e+01
   5.9173226e+01   5.7053022e+01
   5.9173226e+01   6.2883603e+01
   5.9173226e+01   6.1489885e+01
   5.9173226e+01   5.5773434e+01
   5.9173226e+01   5.6880885e+01
   5.9173226e+01   6.9378603e+01
   5.9173226e+01   5.2243904e+01
   5.9173226e+01   6.3638250e+01
   5.9173226e+01   6.8500973e+01
   5.9173226e+01   6.5865614e+01
   5.9173226e+01   5.7058583e+01
   5.9173226e+01   6.8440379e+01
   5.9173226e+01   6.0700562e+01
   5.9173226e+01   5.5226640e+01
   5.9173226e+01   5.8454816e+01
   5.9173226e+01   6.4100327e+01
   5.9173226e+01   5.4314577e+01
   5.9173226e+01   5.7652438e+01
   5.9173226e+01   6.2570134e+01
   5.9173226e+01   5.5944380e+01
   5.9173226e+01   4.7253204e+01
   5.9173226e+01   6.2679493e+01
   5.9173226e+01   4.8858622e+01
   5.9173226e+01   5.7958470e+01
   5.9173226e+01   6.6353203e+01
   5.9173226e+01   5.6476981e+01
   5.9173226e+01   5.8330061e+01
   5.9173226e+01   6.2778837e+01
   5.9173226e+01   6.1225772e+01
   5.9173226e+01   6.4420657e+01
   5.9039894e+01   6.3447537e+01
   5.8906563e+01   6.2471765e+01
   5.8773232e+01   5.9718150e+01
   5.8706565e+01   6.0047436e+01
   5.8639897e+01   7.1042370e+01
   5.8573230e+01   5.0450461e+01
   5.8506562e+01   5.9015183e+01
   5.8439895e+01   6.3855622e+01
   5.8373228e+01   5.4212166e+01
   5.8439892e+01   4.6085541e+01
   5.8506556e+01   5.6866653e+01
   5.8573220e+01   6.0473091e+01
   5.8573220e+01   5.6109590e+01
   5.8573220e+01   6.2217548e+01
   5.8795442e+01   6.0505727e+01
   5.9017664e+01   5.4433914e+01
   5.9239886e+01   6.1567113e+01
   5.9462109e+01   6.8332580e+01
   5.9684331e+01   6.4216129e+01
   5.9906553e+01   4.8250029e+01
   6.0128775e+01   5.8415928e+01
   6.0350997e+01   6.1065305e+01
   6.0573220e+01   6.2022635e+01
   6.0573220e+01   5.8349447e+01
   6.0573220e+01   5.9703574e+01
   6.0573220e+01   5.4658252e+01
   6.0573220e+01   6.1473897e+01
   6.0573220e+01   6.0310102e+01
   6.0573220e+01   6.1311796e+01
   6.0573220e+01   5.3284801e+01
   6.0573220e+01   7.4592478e+01
   6.0573220e+01   4.9977145e+01
   6.0573220e+01   6.3581688e+01
   6.0573220e+01   7.0920357e+01
   6.0573220e+01   5.8526036e+01
   6.0573220e+01   5.7698255e+01
   6.0573220e+01   6.2262707e+01
   6.0573220e+01   6.4789121e+01
   6.0573220e+01   5.9266512e+01
   6.0573220e+01   6.3319411e+01
   6.0573220e+01   6.7256432e+01
   6.0573220e+01   5.5977271e+01
   6.0573220e+01   6.7949936e+01
   6.0573220e+01   6.2838824e+01
   6.0573220e+01   6.1179922e+01
   6.0573220e+01   5.9308634e+01
   6.0573220e+01   6.7362323e+01
   6.0573220e+01   5.9337176e+01
   6.0573220e+01   6.1226342e+01
   6.0573220e+01   6.2826036e+01
   6.0573220e+01   6.5612563e+01
   6.0573220e+01   5.4855731e+01
   6.0573220e+01   6.6013736e+01
   6.0573220e+01   5.7050452e+01
   6.0573220e+01   6.2816674e+01
   6.0573220e+01   6.6264076e+01
   6.0573220e+01   6.1005699e+01
   6.0573220e+01   5.3291516e+01
   6.0573220e+01   5.9290427e+01
   6.0573220e+01   6.6662786e+01
   6.0573220e+01   6.0569715e+01
   6.0573220e+01   6.2392880e+01
   6.0573220e+01   6.1531449e+01
   6.0573220e+01   5.8868007e+01
   6.0573220e+01   5.7425741e+01
   6.0573220e+01   6.1802916e+01
   6.0573220e+01   6.5775493e+01
   6.0573220e+01   5.8223267e+01
   6.0573220e+01   6.1218577e+01
   6.0573220e+01   6.1039580e+01
   6.0573220e+01   5.6081349e+01
   6.0573220e+01   5.7132753e+01
   6.0573220e+01   5.9096889e+01
   6.0573220e+01   5.6680880e+01
   6.0573220e+01   5.6886097e+01
   6.0573220e+01   6.2516384e+01
   6.0795442e+01   6.1216760e+01
   6.1017664e+01   6.6341249e+01
   6.1239886e+01   6.0800040e+01
   6.1462109e+01   7.0990752e+01
   6.1684331e+01   5.9496369e+01
   6.1906553e+01   6.1643213e+01
   6.2128775e+01   6.6778568e+01
   6.2350997e+01   6.0942650e+01
   6.2573220e+01   6.0982312e+01
   6.2573220e+01   6.5874777e+01
   6.2484332e+01   5.0973055e+01
   6.2395445e+01   4.9645923e+01
   6.2306557e+01   6.6682520e+01
   6.2217670e+01   5.3719095e+01
   6.2128782e+01   6.4333330e+01
   6.2039894e+01   6.9908971e+01
   6.1951007e+01   6.7009458e+01
   6.1862119e+01   6.0990260e+01
   6.1773232e+01   6.8398233e+01
   6.1773232e+01   6.0980414e+01
   6.1773232e+01   6.9121993e+01
   6.1773232e+01   6.5182065e+01
   6.1773232e+01   6.6374122e+01
   6.1773232e+01   6.4501388e+01
   6.1773232e+01   5.7641210e+01
   6.1773232e+01   8.0856819e+01
   6.1773232e+01   5.2749473e+01
   6.1773232e+01   6.6986202e+01
   6.1773232e+01   7.2694002e+01
   6.1773232e+01   5.7583591e+01
   6.1773232e+01   5.0143855e+01
   6.1773232e+01   6.1369404e+01
   6.1773232e+01   6.1948529e+01
   6.1773232e+01   6.1098188e+01
   6.1773232e+01   6.5348554e+01
   6.1773232e+01   6.1609327e+01
   6.1773232e+01   5.6585287e+01
   6.1773232e+01   7.2258354e+01
   6.1728788e+01   6.6077510e+01
   6.1684344e+01   5.7964097e+01
   6.1595457e+01   6.0531566e+01
   6.1506569e+01   6.9342052e+01
   6.1351014e+01   5.7021334e+01
   6.1151016e+01   6.3534605e+01
   6.0951017e+01   6.0273611e+01
   6.0706571e+01   5.7352025e+01
   6.0462125e+01   5.2160475e+01
   6.0262123e+01   5.4400370e+01
   6.0062121e+01   6.8483989e+01
   5.9906563e+01   6.1944606e+01
   5.9751005e+01   5.7367661e+01
   5.9617670e+01   6.5064418e+01
   5.9528779e+01   6.1927193e+01
   5.9395445e+01   5.5630104e+01
   5.9306557e+01   5.7823568e+01
   5.9195446e+01   5.4799955e+01
   5.9084335e+01   6.3251320e+01
   5.8973224e+01   6.4964515e+01
   5.8862113e+01   5.6994323e+01
   5.8751002e+01   6.1183677e+01
   5.8684334e+01   5.7108708e+01
   5.8617667e+01   5.2782371e+01
   5.8395445e+01   5.4446912e+01
   5.8173222e+01   6.2462390e+01
   5.7973224e+01   6.1283049e+01
   5.7773225e+01   4.8631888e+01
   5.7573226e+01   5.5985086e+01
   5.7373228e+01   5.9812909e+01
   5.7484339e+01   5.5813727e+01
   5.7662117e+01   5.8218597e+01
   5.7839896e+01   6.1939346e+01
   5.8262117e+01   5.2497226e+01
   5.8684338e+01   5.9319753e+01
   5.9173226e+01   6.7788497e+01
   5.9662114e+01   5.7963579e+01
   6.0151002e+01   5.5537589e+01
   6.0639890e+01   6.5849853e+01
   6.0817669e+01   5.7898106e+01
   6.0928780e+01   6.6192002e+01
   6.1039891e+01   5.8705028e+01
   6.1106558e+01   6.4622979e+01
   6.1173226e+01   5.3890420e+01
   6.1173226e+01   5.8100731e+01
   6.1173226e+01   6.5073980e+01
   6.1173226e+01   6.3679507e+01
   6.1173226e+01   5.6834919e+01
   6.1839892e+01   6.4862470e+01
   6.2506559e+01   5.9590790e+01
   6.3173226e+01   6.5142835e+01
   6.3839892e+01   5.6960557e+01
   6.4506559e+01   6.7945364e+01
   6.5173226e+01   6.2379748e+01
   6.5839892e+01   6.1154965e+01
   6.6506559e+01   6.8994032e+01
   6.7173226e+01   6.2298583e+01
   6.7173226e+01   6.7294471e+01
   6.7173226e+01   7.3937174e+01
   6.7173226e+01   6.3669875e+01
   6.7173226e+01   6.9678155e+01
   6.7173226e+01   7.8986405e+01
   6.7173226e+01   6.8628998e+01
   6.7173226e+01   6.5004389e+01
   6.7173226e+01   6.7237049e+01
   6.7173226e+01   7.5254973e+01
   6.7173226e+01   6.1231090e+01
   6.7417672e+01   7.5683115e+01
   6.7662117e+01   7.3891608e+01
   6.7906563e+01   6.6923249e+01
   6.8151009e+01   7.1560704e+01
   6.8395455e+01   6.8725369e+01
   6.8639901e+01   6.9373608e+01
   6.8884346e+01   6.8446229e+01
   6.9128792e+01   7.2305323e+01
   6.9373238e+01   6.7475376e+01
   6.9373238e+01   6.4940739e+01
   6.9484349e+01   6.7556768e+01
   6.9595460e+01   6.7485313e+01
   6.9706571e+01   7.3575466e+01
   6.9817682e+01   8.3851537e+01
   6.9928794e+01   7.0326221e+01
   7.0039905e+01   6.9912417e+01
   7.0151016e+01   7.4349645e+01
   7.0262127e+01   6.4102524e+01
   7.0373238e+01   6.7854297e+01
   7.0373238e+01   6.5793162e+01
   7.0373238e+01   6.5271936e+01
   7.0351014e+01   6.3239334e+01
   7.0328791e+01   7.7066472e+01
   7.0306567e+01   7.3836065e+01
   7.0284344e+01   6.3312142e+01
   7.0262120e+01   7.1989776e+01
   7.0239896e+01   7.6993151e+01
   7.0062118e+01   6.7997652e+01
   6.9884340e+01   6.9353874e+01
   6.9706561e+01   7.0053575e+01
   6.9551006e+01   6.5418311e+01
   6.9217673e+01   5.8599924e+01
   6.8884340e+01   6.9082068e+01
   6.8551006e+01   6.7372143e+01
   6.8217673e+01   6.1859905e+01
   6.7884340e+01   6.7085374e+01
   6.7706561e+01   7.2431550e+01
   6.7528783e+01   5.6791361e+01
   6.7351004e+01   6.6098975e+01
   6.7173226e+01   7.0436189e+01
   6.7173226e+01   6.8685552e+01
   6.7173226e+01   6.7919137e+01
   6.7173226e+01   6.2831959e+01
   6.6817672e+01   7.0076260e+01
   6.6462119e+01   6.2659868e+01
   6.6106565e+01   7.3941650e+01
   6.5751012e+01   6.9443409e+01
   6.5395458e+01   5.7360839e+01
   6.4951014e+01   5.5103522e+01
   6.4506569e+01   6.3132521e+01
   6.4084348e+01   5.4804816e+01
   6.3662128e+01   6.3942904e+01
   6.3595460e+01   6.0158610e+01
   6.3528793e+01   5.5764212e+01
   6.3462125e+01   6.1830002e+01
   6.3395458e+01   7.6593531e+01
   6.3328791e+01   5.8279332e+01
   6.3573237e+01   5.1314198e+01
   6.3817682e+01   5.5763621e+01
   6.4039905e+01   6.1959631e+01
   6.4262127e+01   6.2435611e+01
   6.4484349e+01   6.4896823e+01
   6.4706571e+01   6.7293411e+01
   6.4928794e+01   6.5055279e+01
   6.5151016e+01   7.2298553e+01
   6.5373238e+01   5.9493180e+01
   6.5373238e+01   6.0242799e+01
   6.5373238e+01   5.9543813e+01
   6.4551016e+01   6.5304605e+01
   6.3528793e+01   4.9409171e+01
   6.2506569e+01   5.3202042e+01
   6.1484346e+01   7.0547748e+01
   6.0217680e+01   6.4440901e+01
   5.8951014e+01   5.5037471e+01
   5.7684348e+01   6.3287678e+01
   5.6128792e+01   5.2004514e+01
   5.4395458e+01   4.9784876e+01
   5.3484346e+01   5.1272540e+01
   5.2595457e+01   6.0193207e+01
   5.1706568e+01   5.5405897e+01
   5.0817679e+01   4.4850498e+01
   5.0173233e+01   6.0464131e+01
   4.9528786e+01   4.8538196e+01
   4.8884340e+01   5.1855012e+01
   4.7551006e+01   5.6589274e+01
   4.6395451e+01   4.1520108e+01
   4.5239896e+01   5.0098112e+01
   4.3884343e+01   3.8930485e+01
   4.2528789e+01   4.5677493e+01
   4.1173236e+01   4.5626891e+01
   3.9484349e+01   3.3107157e+01
   3.7795462e+01   3.9567896e+01
   3.6106575e+01   3.0347338e+01
   3.5395465e+01   3.4514288e+01
   3.4684355e+01   4.1373544e+01
   3.3973244e+01   3.0498201e+01
   3.3639911e+01   3.4233120e+01
   3.3306577e+01   4.8839526e+01
   3.2439909e+01   3.9577269e+01
   3.1728795e+01   3.7487513e+01
   3.1017681e+01   3.6789604e+01
   3.0017681e+01   2.8128846e+01
   2.9017681e+01   2.7557576e+01
   2.7684348e+01   3.3128205e+01
   2.6351014e+01   3.4508876e+01
   2.5017681e+01   2.4191428e+01
   2.3684348e+01   2.0167345e+01
   2.2239903e+01   1.9459184e+01
   2.0973237e+01   1.1885096e+01
   1.9262127e+01   1.3889705e+01
   1.7839903e+01   2.4472675e+01
   1.6417678e+01   2.2967281e+01
   1.5328787e+01   1.0727655e+01
   1.4239896e+01   2.1506133e+01
   1.3151006e+01   7.5560725e+00
   1.1217670e+01   1.3896662e+01
   9.8176688e+00   1.2009612e+01
   8.4176682e+00   1.7698332e+01
   7.4621119e+00   6.9875190e+00
   6.5065557e+00   3.1726085e+00
   5.1287786e+00   3.0527476e+00
   3.7510015e+00  -1.0336338e+01
   2.3732244e+00   8.6857269e-01
   9.9544730e-01   3.9261478e+00
   4.6211532e-01  -4.1036793e+00
   1.0656180e-01   1.7821547e+00
  -2.0454795e-01   3.3754090e+00
  -5.1565771e-01   3.0003106e+00
  -7.8232370e-01  -3.9906297e-02
  -6.2676882e-01   4.4631191e+00
  -4.0454660e-01  -3.3652732e+00
  -1.8232437e-01  -1.9242958e+00
   3.9897849e-02   1.3151463e-01
   2.6212007e-01  -3.5458733e+00
   4.1767495e-01   2.6521418e+00
   7.2878470e-01   1.2730848e+01
   1.0398945e+00   1.2172944e+00
   1.3065604e+00  -1.1986838e+00
   1.5732264e+00   4.6474128e+00
   1.7732251e+00  -4.7693308e+00
   1.9732237e+00  -7.9336642e+00
   2.1732224e+00  -2.1308900e+00
   2.3732210e+00   9.9715885e+00
   2.5732197e+00   1.9812322e+01
   2.5732197e+00   1.5178027e+01
   2.5732197e+00   9.5747581e+00
   2.5732197e+00   8.0970466e+00
   2.5732197e+00  -4.5156715e+00
   2.5732197e+00  -6.7149485e+00
   2.5732197e+00   6.5987418e+00
   2.5732197e+00   3.4481371e-01
   2.5732197e+00   8.6824678e-01
   2.5732197e+00   1.4941371e+01
   2.3509974e+00   4.9642346e-01
   2.1287752e+00   7.3186789e+00
   1.9065530e+00   9.1694691e+00
   1.6843308e+00   6.4955972e+00
   1.4621085e+00  -1.0042196e+01
   1.2398863e+00   7.6964265e+00
   1.0176641e+00   6.4167775e+00
   7.9544188e-01  -7.4971630e+00
   7.9544188e-01   3.6980701e+00
   1.0176641e+00   7.0770277e+00
   1.3065537e+00  -4.5918205e-02
   1.5954432e+00   4.8601316e+00
   1.8843328e+00   1.2324130e+01
   2.1732224e+00   4.5941913e-01
   2.3065571e+00   1.6793660e+00
   2.4398917e+00   6.0812562e+00
   2.5732264e+00   7.9478212e+00
   2.4843389e+00  -4.7177325e+00
   2.3954514e+00   1.1292216e+01
   2.2398965e+00  -2.8789587e+00
   2.0843416e+00   2.0773798e+00
   1.9287867e+00   3.0262967e+00
   1.7732319e+00   5.8686808e+00
   1.7732319e+00  -2.8177114e+00
   1.7732319e+00   8.5291347e-01
   1.7732319e+00   6.2997359e+00
   1.7732319e+00   2.8853258e+00
   1.7732319e+00   3.8091720e+00
   1.7732319e+00   8.1514217e+00
   1.3510110e+00   6.6461192e+00
   9.2879013e-01   3.5921753e-02
   5.0656926e-01   1.0440531e+01
   8.4348397e-02   1.0167906e+01
  -3.3787247e-01  -1.0535055e+01
  -7.6009333e-01  -4.8542552e+00
  -1.1823142e+00   7.8696502e+00
  -1.6045351e+00  -6.6614031e+00
  -2.0267559e+00   1.3061989e+00
  -2.0267559e+00   9.1130488e+00
  -2.0267559e+00  -8.1396013e+00
  -2.0267559e+00  -8.3627354e+00
  -2.0267559e+00   1.9629945e+00
  -2.0267559e+00  -2.6295834e+00
  -1.9378684e+00  -9.2632594e-01
  -1.8489809e+00   4.0437835e+00
  -1.7600933e+00  -8.4303730e+00
  -1.6712058e+00  -5.5048885e+00
  -1.5823183e+00   8.0581711e-01
  -1.4934307e+00  -1.1230857e+01
  -1.4045432e+00  -1.2461663e+01
  -1.3156557e+00   4.9109331e+00
  -1.2267681e+00  -3.1197239e+00
  -1.2267681e+00  -2.9476399e+00
  -1.2267681e+00  -9.7187518e+00
  -1.2267681e+00   3.9984052e+00
  -1.2267681e+00   1.3335329e+00
  -1.2267681e+00   3.4137111e+00
  -1.2267681e+00  -3.8620346e-01
  -1.2267681e+00  -6.6643292e+00
  -1.2267681e+00  -6.0892769e-01
  -1.2267681e+00   2.1089207e+00
  -1.7156564e+00   2.9034480e-01
  -2.2045446e+00   7.0490616e-01
  -2.6934328e+00   9.5346652e+00
  -3.1823210e+00  -5.5171257e+00
  -3.6712092e+00  -1.0437475e+01
  -4.1600974e+00  -3.6015041e+00
  -5.0712099e+00   1.4630549e+00
  -5.9823223e+00  -2.2571949e+00
  -6.8934348e+00  -5.7205749e+00
  -7.3156591e+00  -4.6345796e+00
  -7.7378833e+00  -4.0877707e+00
  -8.1601076e+00  -7.4197560e+00
  -8.5823318e+00  -6.3073553e+00
  -9.1156672e+00  -6.8651964e+00
  -9.6490026e+00  -1.3248022e+01
  -9.7601137e+00   2.3323977e+00
  -9.9156686e+00  -9.2867953e+00
  -1.0071223e+01  -7.9783068e+00
  -1.0226778e+01  -4.0137828e+00
  -1.0382333e+01  -1.0647097e+01
  -1.0537888e+01  -1.0628064e+01
  -1.0693443e+01  -6.1281978e+00
  -1.0737887e+01   1.8469795e+00
  -1.0782330e+01  -1.8747812e+01
  -1.0826774e+01  -1.6410696e+01
  -1.0826774e+01  -6.1846784e+00
  -1.0826774e+01  -2.3718605e+01
  -1.0826774e+01  -2.2570885e+01
  -1.0826774e+01  -1.6509850e+01
  -1.0826774e+01  -6.9178362e+00
  -1.0826774e+01  -1.8710493e+01
  -1.0826774e+01   6.6457995e+00
  -1.0826774e+01  -4.3049480e+00
  -1.0826774e+01  -1.0105650e+01
  -1.0826774e+01  -1.2161644e+01
  -1.1071217e+01  -9.1371488e+00
  -1.1315659e+01  -1.0042847e+01
  -1.1560101e+01  -6.4215926e+00
  -1.1804544e+01   3.1572553e-01
  -1.2048986e+01  -6.9425263e+00
  -1.2293429e+01  -1.0001618e+01
  -1.2537871e+01  -9.8380132e+00
  -1.2782314e+01  -1.2346622e+01
  -1.3026756e+01  -2.1789107e+01
  -1.3026756e+01  -1.0416392e+01
  -1.3026756e+01  -9.3501224e+00
  -1.3026756e+01  -2.4043687e+01
  -1.3026756e+01  -1.4710430e+01
  -1.3471200e+01  -1.3138250e+01
  -1.3915645e+01  -1.6255102e+01
  -1.4493424e+01  -1.6273870e+01
  -1.5071203e+01  -1.2830717e+01
  -1.5648982e+01  -2.3631501e+01
  -1.6226761e+01  -2.4120389e+01
  -1.6804540e+01  -2.0041714e+01
  -1.7426763e+01  -1.7326115e+01
  -1.8048986e+01  -2.0132778e+01
  -1.8226765e+01  -2.4878624e+01
  -1.8404543e+01  -2.2322914e+01
  -1.8448987e+01  -2.3741598e+01
  -1.8493431e+01  -1.4777138e+01
  -1.8537875e+01  -1.4162564e+01
  -1.8582318e+01  -1.8668050e+01
  -1.8626762e+01  -2.4956033e+01
  -1.8626762e+01  -1.9030964e+01
  -1.8626762e+01  -2.8332453e+01
  -1.8626762e+01  -1.9250202e+01
  -1.8626762e+01  -1.8648260e+01
  -1.8626762e+01  -1.5156771e+01
  -1.8404540e+01  -3.0300242e+01
  -1.8182318e+01  -1.4117347e+01
  -1.7960095e+01  -2.8889856e+01
  -1.7737873e+01  -2.6373456e+01
  -1.7515651e+01  -1.4560390e+01
  -1.7293429e+01  -1.3472013e+01
  -1.7071206e+01  -1.8522545e+01
  -1.6848984e+01  -2.4493479e+01
  -1.6626762e+01  -1.1827120e+01
  -1.6626762e+01  -1.5902853e+01
  -1.6626762e+01  -2.1259667e+01
  -1.6626762e+01  -7.7730279e+00
  -1.6626762e+01  -2.2057332e+01
  -1.6671206e+01  -2.3337546e+01
  -1.6715650e+01  -1.1077796e+01
  -1.6760093e+01  -1.2808561e+01
  -1.6804537e+01  -1.7132196e+01
  -1.6982316e+01  -1.1905616e+01
  -1.7160094e+01  -1.2421639e+01
  -1.7337872e+01  -2.2152011e+01
  -1.7515651e+01  -1.1883989e+01
  -1.7693429e+01  -1.1142416e+01
  -1.7826764e+01  -2.9916289e+01
  -1.7960099e+01  -2.1947689e+01
  -1.8093433e+01  -9.5510512e+00
  -1.8226768e+01  -2.3398248e+01
  -1.8226768e+01  -2.3357906e+01
  -1.8226768e+01  -1.5918933e+01
  -1.8226768e+01  -1.4821733e+01
  -1.8226768e+01  -2.6753829e+01
  -1.8226768e+01  -1.0206215e+01
  -1.8226768e+01  -1.2581576e+01
  -1.8226768e+01  -2.0097788e+01
  -1.8226768e+01  -2.0242045e+01
  -1.8226768e+01  -2.0857173e+01
  -1.8226768e+01  -1.7171303e+01
  -1.8226768e+01  -1.5482433e+01
  -1.8226768e+01  -1.4681248e+01
  -1.8226768e+01  -2.0333923e+01
  -1.8226768e+01  -1.8311992e+01
  -1.8226768e+01  -1.2543503e+01
  -1.8226768e+01  -1.4562945e+01
  -1.8226768e+01  -1.7995978e+01
  -1.8226768e+01  -1.3194983e+01
  -1.8226768e+01  -1.2636383e+01
  -1.8226768e+01  -1.2948608e+01
  -1.8226768e+01  -1.4473265e+01
  -1.8226768e+01  -1.1113507e+01
  -1.8226768e+01  -2.7109898e+01
  -1.8226768e+01  -1.2221713e+01
  -1.8226768e+01  -1.8539140e+01
  -1.8226768e+01  -2.4282586e+01
  -1.8226768e+01  -1.4896155e+01
  -1.8226768e+01  -1.5636428e+01
  -1.8226768e+01  -3.1920959e+01
  -1.8226768e+01  -2.9910494e+01
  -1.8226768e+01  -2.1945439e+01
  -1.8226768e+01  -1.6495687e+01
  -1.8226768e+01  -2.3422822e+01
  -1.8226768e+01  -1.6260434e+01
  -1.8226768e+01  -2.2219522e+01
  -1.9248992e+01  -1.3119526e+01
  -2.0271215e+01  -1.9964070e+01
  -2.1293439e+01  -2.2474680e+01
  -2.2315662e+01  -2.5230261e+01
  -2.3382330e+01  -3.0100774e+01
  -2.4448997e+01  -2.2879118e+01
  -2.5515664e+01  -2.7286591e+01
  -2.6582332e+01  -1.7133901e+01
  -2.7648999e+01  -2.1568014e+01
  -2.7693443e+01  -2.7788474e+01
  -2.7737887e+01  -2.7499613e+01
  -2.7782330e+01  -1.9645765e+01
  -2.7826774e+01  -2.9619494e+01
  -2.7826774e+01  -3.0785343e+01
  -2.7826774e+01  -3.3663033e+01
  -2.7826774e+01  -2.2879786e+01
  -2.7826774e+01  -3.6559471e+01
  -2.7826774e+01  -2.7721635e+01
  -2.7826774e+01  -2.4421136e+01
  -2.7826774e+01  -3.5387204e+01
  -2.7826774e+01  -2.2801398e+01
  -2.8137884e+01  -2.7188878e+01
  -2.8448994e+01  -3.2800516e+01
  -2.8760104e+01  -2.8389717e+01
  -2.9071213e+01  -1.8049121e+01
  -2.9382323e+01  -2.9313663e+01
  -2.9893435e+01  -3.8713597e+01
  -3.0404547e+01  -2.2912787e+01
  -3.0915658e+01  -3.4330501e+01
  -3.1426770e+01  -4.4822227e+01
  -3.1626772e+01  -3.5750978e+01
  -3.1826774e+01  -2.0614291e+01
  -3.2026776e+01  -2.5660036e+01
  -3.2226778e+01  -3.1268705e+01
  -3.2426780e+01  -2.8543947e+01
  -3.2426780e+01  -4.5001014e+01
  -3.2426780e+01  -4.2661552e+01
  -3.2426780e+01  -2.4977803e+01
  -3.2426780e+01  -3.4629263e+01
  -3.2426780e+01  -3.8868089e+01
  -3.2426780e+01  -3.1178554e+01
  -3.2426780e+01  -3.4317575e+01
  -3.2426780e+01  -3.6297250e+01
  -3.2426780e+01  -3.6387939e+01
  -3.2426780e+01  -3.0181619e+01
  -3.2426780e+01  -3.5097323e+01
  -3.2426780e+01  -2.8264045e+01
  -3.2426780e+01  -3.0944907e+01
  -3.2426780e+01  -2.8715047e+01
  -3.2426780e+01  -3.5886328e+01
  -3.2426780e+01  -2.5930870e+01
  -3.2426780e+01  -3.7170566e+01
  -3.2426780e+01  -2.5527183e+01
  -3.2426780e+01  -3.1263261e+01
  -3.2426780e+01  -2.8054658e+01
  -3.2426780e+01  -3.8293105e+01
  -3.2493444e+01  -2.4700502e+01
  -3.2560108e+01  -2.5591719e+01
  -3.2626772e+01  -3.6467812e+01
  -3.2693436e+01  -3.2569431e+01
  -3.2737880e+01  -3.1939826e+01
  -3.2782324e+01  -3.8181353e+01
  -3.2826767e+01  -3.5394993e+01
  -3.2871211e+01  -3.9385548e+01
  -3.2915655e+01  -3.6617973e+01
  -3.2893435e+01  -3.2900645e+01
  -3.2871215e+01  -3.2301284e+01
  -3.2848994e+01  -3.7941807e+01
  -3.2826774e+01  -3.8744036e+01
  -3.2893442e+01  -3.0101688e+01
  -3.2960109e+01  -3.6606188e+01
  -3.3026776e+01  -4.2727396e+01
  -3.3093444e+01  -2.4019803e+01
  -3.3160111e+01  -3.4090969e+01
  -3.3226778e+01  -3.4515077e+01
  -3.3293446e+01  -3.8477329e+01
  -3.3360113e+01  -2.0358978e+01
  -3.3426780e+01  -3.6591593e+01
  -3.3426780e+01  -2.9217589e+01
  -3.3649003e+01  -2.4968615e+01
  -3.3871225e+01  -3.5299094e+01
  -3.4093447e+01  -3.5903940e+01
  -3.4315669e+01  -3.3416684e+01
  -3.4537891e+01  -3.4902168e+01
  -3.4760114e+01  -3.3634864e+01
  -3.4982336e+01  -3.5918110e+01
  -3.5204558e+01  -3.6581650e+01
  -3.5426780e+01  -4.0098168e+01
  -3.5426780e+01  -3.1309546e+01
  -3.5337889e+01  -3.7311848e+01
  -3.5248998e+01  -4.4660698e+01
  -3.5160108e+01  -3.6949447e+01
  -3.5071217e+01  -3.3139017e+01
  -3.4982326e+01  -3.4115538e+01
  -3.4893435e+01  -3.0885424e+01
  -3.4804544e+01  -3.7204353e+01
  -3.4715653e+01  -4.4627804e+01
  -3.4626762e+01  -4.6292994e+01
  -3.4626762e+01  -3.6739305e+01
  -3.4626762e+01  -4.0490747e+01
  -3.4626762e+01  -3.9252640e+01
  -3.4626762e+01  -3.3860608e+01
  -3.4626762e+01  -2.3381255e+01
  -3.4626762e+01  -3.3960038e+01
  -3.4626762e+01  -3.3640700e+01
  -3.4626762e+01  -3.7942512e+01
  -3.4626762e+01  -3.7061065e+01
  -3.4626762e+01  -3.3940393e+01
  -3.4626762e+01  -2.8153526e+01
  -3.4293429e+01  -3.6936778e+01
  -3.3960095e+01  -4.2443213e+01
  -3.3626762e+01  -2.2528965e+01
  -3.3293429e+01  -3.6351384e+01
  -3.2960095e+01  -3.7491068e+01
  -3.2626762e+01  -2.6249033e+01
  -3.2226761e+01  -3.0595646e+01
  -3.1826761e+01  -4.0571353e+01
  -3.1426760e+01  -2.2684871e+01
  -3.1360093e+01  -4.2830374e+01
  -3.1404536e+01  -3.3286574e+01
  -3.1448980e+01  -2.4507231e+01
  -3.1493424e+01  -2.9211872e+01
  -3.1560091e+01  -3.3581955e+01
  -3.1626759e+01  -3.7933252e+01
  -3.1760093e+01  -1.5757969e+01
  -3.1893428e+01  -2.4958590e+01
  -3.2160097e+01  -3.5988328e+01
  -3.2426767e+01  -2.9889460e+01
  -3.2582325e+01  -3.5126559e+01
  -3.2737883e+01  -2.8117716e+01
  -3.2893442e+01  -3.9431235e+01
  -3.3182331e+01  -3.4951370e+01
  -3.3471221e+01  -3.8823622e+01
  -3.3760110e+01  -3.8403939e+01
  -3.4049000e+01  -3.6095145e+01
  -3.4204555e+01  -3.4062821e+01
  -3.4360110e+01  -3.6772982e+01
  -3.4515664e+01  -3.3412707e+01
  -3.4782330e+01  -3.7839917e+01
  -3.5048996e+01  -3.8260984e+01
  -3.5160108e+01  -3.6780288e+01
  -3.5271219e+01  -3.4878559e+01
  -3.5382330e+01  -4.2833350e+01
  -3.5493441e+01  -2.8859095e+01
  -3.5604552e+01  -3.0256122e+01
  -3.5715663e+01  -4.1766530e+01
  -3.5826774e+01  -3.3169045e+01
  -3.5826774e+01  -3.6440094e+01
  -3.5826774e+01  -4.2513691e+01
  -3.5671219e+01  -3.9605956e+01
  -3.5471217e+01  -3.1252166e+01
  -3.5271215e+01  -3.6334243e+01
  -3.4982326e+01  -4.6921641e+01
  -3.4693436e+01  -3.5495303e+01
  -3.4404547e+01  -3.7985532e+01
  -3.4115657e+01  -3.7934126e+01
  -3.3826767e+01  -3.4362200e+01
  -3.3537878e+01  -2.9295120e+01
  -3.3337876e+01  -3.1108299e+01
  -3.3182321e+01  -2.6847057e+01
  -3.3004546e+01  -2.8823571e+01
  -3.2915658e+01  -3.0238355e+01
  -3.2848991e+01  -2.7930975e+01
  -3.2782324e+01  -2.5693181e+01
  -3.2715656e+01  -2.5007146e+01
  -3.2648989e+01  -3.6227097e+01
  -3.2582322e+01  -2.7642323e+01
  -3.2582322e+01  -3.4941552e+01
  -3.2671213e+01  -3.8437522e+01
  -3.2782324e+01  -3.4999900e+01
  -3.2893435e+01  -3.6165589e+01
  -3.2982326e+01  -4.3403683e+01
  -3.3071217e+01  -3.1958524e+01
  -3.3160108e+01  -3.3593818e+01
  -3.3248998e+01  -2.8390516e+01
  -3.3337889e+01  -2.9749136e+01
  -3.3426780e+01  -3.9347035e+01
  -3.3426780e+01  -2.9981191e+01
  -3.3426780e+01  -3.7577674e+01
  -3.3426780e+01  -3.6526944e+01
  -3.3426780e+01  -3.1896518e+01
  -3.3426780e+01  -2.9221797e+01
  -3.3426780e+01  -2.8406425e+01
  -3.3426780e+01  -3.2265979e+01
  -3.3426780e+01  -4.0322404e+01
  -3.3426780e+01  -3.1210573e+01
  -3.3426780e+01  -3.1714541e+01
  -3.3426780e+01  -3.8413282e+01
  -3.3426780e+01  -2.7535714e+01
  -3.3426780e+01  -3.4877902e+01
  -3.3426780e+01  -3.8125888e+01
  -3.3426780e+01  -3.6832302e+01
  -3.3426780e+01  -2.8318755e+01
  -3.3426780e+01  -2.9214331e+01
  -3.3426780e+01  -2.6585085e+01
  -3.3426780e+01  -1.8495046e+01
  -3.3426780e+01  -4.0089373e+01
  -3.3426780e+01  -4.1366437e+01
  -3.3426780e+01  -2.0315188e+01
  -3.3426780e+01  -3.0031731e+01
  -3.3160111e+01  -4.0521989e+01
  -3.2893442e+01  -2.3888621e+01
  -3.2626772e+01  -3.7698287e+01
  -3.2360103e+01  -3.8274336e+01
  -3.2093433e+01  -3.7449304e+01
  -3.1826764e+01  -2.3072524e+01
  -3.1560095e+01  -2.5334038e+01
  -3.1293425e+01  -2.9001044e+01
  -3.1026756e+01  -1.9071114e+01
  -3.1026756e+01  -2.3846486e+01
  -3.1026756e+01  -3.1398411e+01
  -3.0848981e+01  -2.9123760e+01
  -3.0671206e+01  -2.5185736e+01
  -3.0493431e+01  -3.2708086e+01
  -3.0315656e+01  -3.3625200e+01
  -3.0137881e+01  -3.1852173e+01
  -2.9826771e+01  -2.6976073e+01
  -2.9515661e+01  -3.3939596e+01
  -2.9204551e+01  -2.4169231e+01
  -2.8893442e+01  -3.5741931e+01
  -2.8760107e+01  -2.6809125e+01
  -2.8626772e+01  -2.9034944e+01
  -2.8493438e+01  -3.7008323e+01
  -2.8360103e+01  -2.8813646e+01
  -2.8226768e+01  -2.9637851e+01
  -2.8226768e+01  -2.1911059e+01
  -2.8226768e+01  -2.8509052e+01
  -2.8226768e+01  -2.7208629e+01
  -2.8226768e+01  -2.8651361e+01
  -2.8226768e+01  -4.1477902e+01
  -2.8226768e+01  -2.6507780e+01
  -2.8226768e+01  -1.3982247e+01
  -2.7804547e+01  -2.9812434e+01
  -2.7382326e+01  -3.1741109e+01
  -2.6960106e+01  -2.1681024e+01
  -2.6537885e+01  -2.6445972e+01
  -2.6115664e+01  -3.3574008e+01
  -2.5693443e+01  -1.9230265e+01
  -2.5271222e+01  -1.9313082e+01
  -2.4849001e+01  -2.6408413e+01
  -2.4426780e+01  -2.3314878e+01
  -2.4426780e+01  -2.9316167e+01
  -2.4426780e+01  -2.7364897e+01
  -2.4426780e+01  -2.8117105e+01
  -2.4426780e+01  -2.4835368e+01
  -2.4426780e+01  -3.0890285e+01
  -2.4426780e+01  -2.4198824e+01
  -2.4426780e+01  -1.8159800e+01
  -2.4426780e+01  -3.0391623e+01
  -2.4426780e+01  -2.5260428e+01
  -2.4426780e+01  -2.8639345e+01
  -2.4426780e+01  -2.0683153e+01
  -2.4426780e+01  -3.1841049e+01
  -2.4426780e+01  -2.1201456e+01
  -2.4426780e+01  -2.2993344e+01
  -2.4426780e+01  -2.3334516e+01
  -2.4182335e+01  -2.4450628e+01
  -2.3937889e+01  -2.1543557e+01
  -2.3693443e+01  -3.0941662e+01
  -2.3448997e+01  -2.6418935e+01
  -2.3204551e+01  -1.9689821e+01
  -2.2960106e+01  -2.7704570e+01
  -2.2715660e+01  -2.2604612e+01
  -2.2471214e+01  -2.4162728e+01
  -2.2226768e+01  -2.8035411e+01
  -2.2226768e+01  -2.2009087e+01
  -2.2226768e+01  -1.4522239e+01
  -2.2226768e+01  -2.4373875e+01
  -2.2115657e+01  -1.5920042e+01
  -2.2004546e+01  -2.4144497e+01
  -2.1893435e+01  -2.7249656e+01
  -2.1782324e+01  -1.7363742e+01
  -2.1671213e+01  -2.4561515e+01
  -2.1560101e+01  -2.0562194e+01
  -2.1448990e+01  -3.0830274e+01
  -2.1337879e+01  -2.6692916e+01
  -2.1226768e+01  -2.1458825e+01
  -2.1226768e+01  -2.5985443e+01
  -2.1226768e+01  -2.5373731e+01
  -2.1226768e+01  -1.2877584e+01
  -2.1004546e+01  -2.4717106e+01
  -2.0782324e+01  -1.7154824e+01
  -2.0560101e+01  -2.1709083e+01
  -2.0337879e+01  -2.8824039e+01
  -2.0115657e+01  -2.2542009e+01
  -1.9893435e+01  -1.0166471e+01
  -1.9671213e+01  -1.8570377e+01
  -1.9448990e+01  -1.6991523e+01
  -1.9226768e+01  -1.9044345e+01
  -1.9226768e+01  -1.8358719e+01
  -1.9226768e+01  -2.8864775e+01
  -1.9226768e+01  -1.4797746e+01
  -1.9226768e+01  -2.2439051e+01
  -1.9226768e+01  -2.3778328e+01
  -1.9226768e+01  -2.5391242e+01
  -1.9226768e+01  -1.9029791e+01
  -1.9226768e+01  -2.0563555e+01
  -1.9226768e+01  -2.2255246e+01
  -1.9226768e+01  -1.5248478e+01
  -1.9226768e+01  -2.2216464e+01
  -1.9226768e+01  -2.2050379e+01
  -1.9226768e+01  -1.5380755e+01
  -1.9226768e+01  -1.8345432e+01
  -1.9226768e+01  -2.4134557e+01
  -1.8826767e+01  -2.5616853e+01
  -1.8426767e+01  -1.3143759e+01
  -1.8026766e+01  -1.2600393e+01
  -1.7626765e+01  -1.6206084e+01
  -1.7226765e+01  -1.4007936e+01
  -1.6826764e+01  -1.4872426e+01
  -1.6426763e+01  -1.8272089e+01
  -1.6026763e+01  -9.7369187e+00
  -1.5626762e+01  -1.4712622e+01
  -1.5626762e+01  -1.9598212e+01
  -1.5626762e+01  -5.9938633e+00
  -1.5626762e+01  -1.2526853e+01
  -1.5626762e+01  -1.5874518e+01
  -1.5626762e+01  -1.0604818e+01
  -1.5626762e+01  -5.5269809e+00
  -1.5626762e+01  -1.9604551e+01
  -1.5626762e+01  -1.3000654e+01
  -1.5626762e+01  -1.1890087e+01
  -1.5626762e+01  -1.9602681e+01
  -1.5626762e+01  -1.8077846e+01
  -1.5626762e+01  -8.2550201e+00
  -1.5626762e+01  -2.0586976e+01
  -1.5626762e+01  -1.2204640e+01
  -1.5626762e+01  -2.6486336e+00
  -1.5626762e+01  -1.7414305e+01
  -1.5626762e+01  -2.1223932e+01
  -1.5626762e+01  -1.2504180e+01
  -1.5626762e+01  -1.1227987e+01
  -1.5626762e+01  -1.1553707e+01
  -1.5626762e+01  -1.5278244e+01
  -1.5626762e+01  -3.5629572e+00
  -1.5626762e+01  -2.3205489e+01
  -1.5626762e+01  -1.6568813e+01
  -1.5626762e+01  -1.0858070e+01
  -1.5004539e+01  -2.0953075e+01
  -1.4382316e+01  -1.7250343e+01
  -1.3760093e+01  -1.1250603e+01
  -1.3137870e+01  -8.4798456e+00
  -1.2515648e+01  -1.4600144e+01
  -1.1893425e+01  -3.8870747e-01
  -1.1271202e+01  -4.2132783e+00
  -1.0648979e+01  -1.5042902e+01
  -1.0026756e+01  -1.8682039e+01
  -1.0026756e+01  -7.7015215e+00
  -1.0026756e+01  -1.6454114e+01
  -1.0026756e+01   1.7600785e+00
  -1.0026756e+01  -6.1373627e+00
  -1.0026756e+01  -1.0483699e+01
  -1.0026756e+01  -1.1413684e+01
  -1.0026756e+01  -6.3333617e+00
  -9.5378677e+00  -1.8499293e+01
  -9.0489795e+00  -1.9692906e+00
  -8.5600913e+00  -4.0965211e+00
  -8.0712031e+00  -1.0309085e+01
  -7.3156489e+00  -1.2417634e+01
  -6.5600947e+00   3.1819228e+00
  -5.8045405e+00  -1.3701294e+00
  -5.0489863e+00  -8.1132780e+00
  -4.2934321e+00  -6.1181586e+00
  -4.0267661e+00  -8.7902716e+00
  -3.7601001e+00  -1.0415098e+01
  -3.4934341e+00  -9.1823551e+00
  -3.2267681e+00   6.8090450e-01
  -3.2267681e+00  -4.3290578e+00
  -2.8267675e+00  -6.5759908e+00
  -2.4267668e+00   4.8822903e+00
  -2.0267661e+00  -2.7196628e+00
  -1.6267654e+00  -3.6185883e+00
  -1.2267647e+00  -4.0939634e+00
  -8.2676407e-01  -3.0549791e+00
  -4.2676339e-01  -6.0025568e+00
  -2.6762714e-02   4.9833739e+00
   3.7323796e-01   4.4574768e+00
   3.7323796e-01  -9.2109254e-01
   6.3990395e-01  -4.4277190e+00
   9.0656994e-01   2.2860419e+00
   1.1732359e+00   2.1118544e+00
   1.4399019e+00   1.2838452e+00
   1.7065679e+00  -6.9879489e-01
   1.9732339e+00  -6.1273555e+00
   2.2398999e+00   3.9572691e+00
   2.5065659e+00   5.6891768e+00
   2.7732319e+00   4.1265457e+00
   2.8843430e+00   1.3680466e-01
   2.9954541e+00   2.9021506e+00
   3.1065652e+00   7.8878845e+00
   3.2176763e+00   3.0129612e+00
   3.3287874e+00  -4.7495492e+00
   3.4398985e+00   8.2074029e+00
   3.5510096e+00   1.2280769e+00
   3.6621207e+00   3.4562613e+00
   3.7732319e+00   8.3204799e+00
   3.7732319e+00  -2.9925083e+00
   3.7732319e+00   1.6180640e+00
   3.7732319e+00   2.6480291e+00
   3.7732319e+00   2.4430889e+00
   3.7732319e+00   7.9852355e-01
   3.7732319e+00   1.0832496e+01
   4.3065638e+00   1.0124451e+01
   4.8398958e+00   2.1924024e+00
   5.3732278e+00  -2.3892731e+00
   5.9065598e+00   9.7116956e+00
   6.4398917e+00   9.0178113e+00
   6.9732237e+00  -5.0917179e+00
   7.5065557e+00   1.2928623e+01
   8.0398877e+00  -6.5421608e+00
   8.5732197e+00   3.6112158e+00
   8.5732197e+00   1.4748566e+01
   8.5732197e+00   1.0331098e+00
   8.5732197e+00   8.8140108e+00
   8.5732197e+00   1.1804150e+01
   8.5732197e+00   1.4836144e+01
   8.5732197e+00   6.1028575e+00
   8.8843328e+00   8.3882351e+00
   9.1954459e+00   1.3555173e+01
   9.5065591e+00   6.9996020e+00
   9.8176722e+00  -1.1190581e+00
   1.0128785e+01   1.5815649e+01
   1.0439899e+01   9.7428119e+00
   1.0751012e+01   1.1089070e+01
   1.1062125e+01   1.6328992e+01
   1.1373238e+01   1.0002802e+01
   1.1373238e+01  -4.7413317e+00
   1.1373238e+01   2.1435315e+01
   1.1373238e+01   7.0570679e+00
   1.1484349e+01   4.6992311e+00
   1.1595460e+01   1.8327586e+01
   1.1706571e+01   1.1792293e+01
   1.1817682e+01   2.2157176e+00
   1.1928794e+01   1.5899448e+01
   1.2039905e+01   1.5188291e+01
   1.2151016e+01   3.9418068e+00
   1.2262127e+01   1.8719815e+01
   1.2595460e+01   1.4189389e+01
   1.2817682e+01   7.4778337e+00
   1.3039905e+01   3.6674584e+00
   1.3262127e+01   1.5182375e+01
   1.3484349e+01   2.1745282e+01
   1.3706571e+01   1.3633292e+01
   1.3928794e+01   1.0175756e+01
   1.4151016e+01   1.4812729e+01
   1.4373238e+01   1.4033221e+01
   1.4373238e+01   2.1979491e+01
   1.4373238e+01   1.6680772e+01
   1.4373238e+01   7.8360407e+00
   1.4373238e+01   1.4147220e+01
   1.4373238e+01   1.3662759e+01
   1.4373238e+01   1.6115413e+01
   1.4373238e+01   7.0370727e+00
   1.4373238e+01   1.4809823e+01
   1.4884350e+01   4.9930492e+00
   1.5395462e+01   7.7635168e+00
   1.5906573e+01   1.9701944e+01
   1.6417685e+01   2.3426820e+01
   1.6928797e+01   1.7635413e+01
   1.7439909e+01   1.0221765e+01
   1.7951020e+01   1.9603765e+01
   1.8462132e+01   1.5618960e+01
   1.8973244e+01   1.8938258e+01
   1.8973244e+01   2.3897807e+01
   1.8973244e+01   1.7727692e+01
   1.8973244e+01   1.3533796e+01
   1.8973244e+01   2.2524296e+01
   1.8973244e+01   1.4858648e+01
   1.8973244e+01   1.1642368e+01
   1.9373241e+01   2.7418696e+01
   1.9773239e+01   1.4543648e+01
   2.0173236e+01   1.4688164e+01
   2.0573233e+01   1.7733830e+01
   2.0973231e+01   2.6686008e+01
   2.1373228e+01   1.2210075e+01
   2.1773225e+01   1.4657161e+01
   2.2173222e+01   1.8349771e+01
   2.2573220e+01   2.2537294e+01
   2.2573220e+01   3.1212696e+01
   2.2573220e+01   2.3898371e+01
   2.2573220e+01   2.5604752e+01
   2.2573220e+01   2.6965183e+01
   2.2573220e+01   3.2415802e+01
   2.2573220e+01   3.0238072e+01
   2.2573220e+01   1.6175716e+01
   2.2573220e+01   3.0707243e+01
   2.2573220e+01   2.2177400e+01
   2.2573220e+01   1.1938107e+01
   2.2573220e+01   2.2935063e+01
   2.2573220e+01   2.6789643e+01
   2.2573220e+01   2.7389648e+01
   2.2573220e+01   2.7536413e+01
   2.2573220e+01   2.7564876e+01
   2.2573220e+01   2.5660183e+01
   2.2573220e+01   1.8703440e+01
   2.2573220e+01   2.0693332e+01
   2.2573220e+01   1.9313845e+01
   2.2573220e+01   1.2862105e+01
   2.2573220e+01   3.1141308e+01
   2.2573220e+01   2.3693442e+01
   2.2573220e+01   1.3402962e+01
   2.2573220e+01   2.4120889e+01
   2.3062111e+01   2.0454150e+01
   2.3551003e+01   1.8987573e+01
   2.4039894e+01   3.1668323e+01
   2.4528786e+01   3.5750671e+01
   2.5017678e+01   1.8857935e+01
   2.5506569e+01   2.2178629e+01
   2.5995461e+01   3.2845649e+01
   2.6484352e+01   2.4862910e+01
   2.6973244e+01   2.1816152e+01
   2.6973244e+01   3.5890226e+01
   2.6973244e+01   2.0155220e+01
   2.6973244e+01   3.5391654e+01
   2.6973244e+01   2.8680174e+01
   2.6973244e+01   3.1739279e+01
   2.6973244e+01   1.9777830e+01
   2.6973244e+01   2.2085690e+01
   2.6973244e+01   3.5908369e+01
   2.6973244e+01   2.3750764e+01
   2.6973244e+01   2.6514626e+01
   2.6973244e+01   3.1308747e+01
   2.6973244e+01   2.8921771e+01
   2.6973244e+01   3.3892783e+01
   2.6973244e+01   3.3414418e+01
   2.6973244e+01   2.9733523e+01
   2.6973244e+01   3.0258994e+01
   2.6973244e+01   3.4054052e+01
   2.6973244e+01   2.2633780e+01
   2.6973244e+01   2.0733702e+01
   2.6973244e+01   2.0913719e+01
   2.6973244e+01   3.3273285e+01
   2.6973244e+01   3.3166423e+01
   2.6973244e+01   3.4577259e+01
   2.6973244e+01   3.5275790e+01
   2.6973244e+01   1.9113797e+01
   2.6973244e+01   2.1116137e+01
   2.6973244e+01   3.2394108e+01
   2.6973244e+01   2.5246782e+01
   2.6973244e+01   2.8307938e+01
   2.6973244e+01   3.8031780e+01
   2.6973244e+01   2.6757295e+01
   2.6973244e+01   2.2912310e+01
   2.6973244e+01   3.5382135e+01
   2.6973244e+01   3.1660803e+01
   2.6973244e+01   1.3796166e+01
   2.6973244e+01   2.3613775e+01
   2.6439909e+01   2.6755551e+01
   2.5906573e+01   1.5847069e+01
   2.5373238e+01   2.2944669e+01
   2.4839903e+01   2.9548416e+01
   2.4306567e+01   2.9086517e+01
   2.3773232e+01   2.5271646e+01
   2.3239896e+01   3.3396431e+01
   2.2706561e+01   1.8379577e+01
   2.2173226e+01   2.1098447e+01
   2.2173226e+01   3.2979236e+01
   2.2173226e+01   1.9793140e+01
   2.2173226e+01   2.0721654e+01
   2.2173226e+01   2.9639971e+01
   2.2173226e+01   2.0806729e+01
   2.2173226e+01   2.1270596e+01
   2.2173226e+01   1.6804576e+01
   2.2173226e+01   2.3270181e+01
   2.2173226e+01   1.5979128e+01
   2.2173226e+01   1.8525799e+01
   2.2173226e+01   2.4605575e+01
   2.2173226e+01   1.7118407e+01
   2.2173226e+01   1.6374227e+01
   2.2173226e+01   2.7756911e+01
   2.2173226e+01   3.0714379e+01
   2.2173226e+01   1.1181091e+01
   2.2173226e+01   2.2108571e+01
   2.2173226e+01   2.5396972e+01
   2.2173226e+01   2.0340160e+01
   2.2173226e+01   2.8148971e+01
   2.2173226e+01   2.6283798e+01
   2.2173226e+01   1.0030081e+01
   2.2173226e+01   2.4196052e+01
   2.2173226e+01   3.1004461e+01
   2.2173226e+01   1.7871655e+01
   2.2173226e+01   1.8533186e+01
   2.2173226e+01   2.2130508e+01
   2.2173226e+01   2.0871871e+01
   2.2351004e+01   1.4331350e+01
   2.2528783e+01   3.1072507e+01
   2.2706561e+01   1.7993190e+01
   2.2884340e+01   1.6078484e+01
   2.3062118e+01   3.0532159e+01
   2.3239896e+01   2.8101926e+01
   2.3417675e+01   1.8334483e+01
   2.3595453e+01   2.0448266e+01
   2.3773232e+01   3.0272687e+01
   2.3773232e+01   2.6701570e+01
   2.3773232e+01   2.6075313e+01
   2.3773232e+01   3.6508052e+01
   2.3773232e+01   1.7585513e+01
   2.3773232e+01   2.0036017e+01
   2.3773232e+01   1.6891002e+01
   2.3773232e+01   2.7037851e+01
   2.3773232e+01   2.3849551e+01
   2.3773232e+01   2.5277895e+01
   2.3773232e+01   1.8318558e+01
   2.3773232e+01   9.2572071e+00
   2.3773232e+01   3.2595462e+01
   2.3773232e+01   2.0781771e+01
   2.3773232e+01   2.5102975e+01
   2.3773232e+01   2.0944068e+01
   2.3773232e+01   2.6628476e+01
   2.3773232e+01   1.9585176e+01
   2.3773232e+01   2.3258517e+01
   2.3773232e+01   2.6101691e+01
   2.3773232e+01   1.8819400e+01
   2.3773232e+01   1.7509090e+01
   2.3773232e+01   2.6883645e+01
   2.3773232e+01   2.4112476e+01
   2.3773232e+01   2.1562542e+01
   2.3773232e+01   2.6381064e+01
   2.3773232e+01   1.4762958e+01
   2.3773232e+01   1.6704971e+01
   2.3773232e+01   2.2878305e+01
   2.3773232e+01   2.9624735e+01
   2.3773232e+01   2.6046675e+01
   2.3773232e+01   2.3721836e+01
   2.3773232e+01   2.5747851e+01
   2.3773232e+01   2.9751827e+01
   2.3773232e+01   1.7016631e+01
   2.3773232e+01   1.8975013e+01
   2.3773232e+01   2.6270590e+01
   2.3773232e+01   2.4333336e+01
   2.3773232e+01   3.1306443e+01
   2.3773232e+01   2.8547037e+01
   2.3773232e+01   2.4003090e+01
   2.3773232e+01   2.4572742e+01
   2.3773232e+01   3.5581917e+01
   2.3773232e+01   2.7585199e+01
   2.3773232e+01   2.2892677e+01
   2.3773232e+01   3.0938022e+01
   2.3773232e+01   2.7227762e+01
   2.3773232e+01   2.7281679e+01
   2.3773232e+01   2.6724410e+01
   2.3773232e+01   3.1345196e+01
   2.3773232e+01   2.5536951e+01
   2.3773232e+01   3.1063571e+01
   2.3773232e+01   3.2206049e+01
   2.3773232e+01   1.9122679e+01
   2.3773232e+01   2.7143003e+01
   2.3773232e+01   3.2823807e+01
   2.4773232e+01   1.9592562e+01
   2.5773232e+01   1.8893052e+01
   2.6773232e+01   3.3503396e+01
   2.7773232e+01   2.6428815e+01
   2.8773232e+01   2.7519030e+01
   2.9773232e+01   3.3094988e+01
   3.0773232e+01   2.5997825e+01
   3.1773232e+01   3.0866776e+01
   3.2773232e+01   4.0569914e+01
   3.2773232e+01   3.6216569e+01
   3.2773232e+01   2.8474991e+01
   3.2773232e+01   3.4833208e+01
   3.2773232e+01   3.3705117e+01
   3.2773232e+01   2.2300142e+01
   3.2773232e+01   3.2937682e+01
   3.2773232e+01   4.2481049e+01
   3.2773232e+01   3.0145939e+01
   3.2773232e+01   2.7494229e+01
   3.2773232e+01   3.9589820e+01
   3.2773232e+01   3.7108609e+01
   3.2773232e+01   3.1198975e+01
   3.2773232e+01   3.9285171e+01
   3.2773232e+01   3.5121069e+01
   3.2773232e+01   2.6458571e+01
   3.2773232e+01   3.5109775e+01
   3.2773232e+01   3.9994408e+01
   3.2773232e+01   2.7716831e+01
   3.2773232e+01   3.6358133e+01
   3.2773232e+01   3.6290423e+01
   3.2773232e+01   3.2895823e+01
   3.2773232e+01   2.8587344e+01
   3.2773232e+01   3.0214655e+01
   3.2773232e+01   1.8712082e+01
   3.2773232e+01   3.3263699e+01
   3.2773232e+01   3.8894565e+01
   3.2773232e+01   3.6928370e+01
   3.2773232e+01   3.2641740e+01
   3.2773232e+01   2.6457418e+01
   3.2773232e+01   3.5478270e+01
   3.2773232e+01   3.7595235e+01
   3.2773232e+01   3.9579573e+01
   3.2773232e+01   3.5475493e+01
   3.2773232e+01   2.6447071e+01
   3.2773232e+01   3.0916717e+01
   3.2773232e+01   3.7895474e+01
   3.2773232e+01   3.2091640e+01
   3.2773232e+01   2.5802205e+01
   3.2773232e+01   3.4552304e+01
   3.2773232e+01   3.0100326e+01
   3.2773232e+01   3.4147405e+01
   3.2773232e+01   4.0573507e+01
   3.2773232e+01   3.5008112e+01
   3.2773232e+01   2.2876312e+01
   3.2773232e+01   3.4979041e+01
   3.2773232e+01   3.9617585e+01
   3.4239900e+01   2.8992209e+01
   3.5706568e+01   3.0135859e+01
   3.7173236e+01   3.7056774e+01
   3.8639904e+01   3.9557794e+01
   4.0106572e+01   3.7596093e+01
   4.1573240e+01   4.7000899e+01
   4.3039908e+01   4.2907846e+01
   4.4506576e+01   4.6280201e+01
   4.5973244e+01   5.4417359e+01
   4.5973244e+01   4.7673693e+01
   4.5973244e+01   4.5764536e+01
   4.5973244e+01   5.0272095e+01
   4.5973244e+01   4.2986139e+01
   4.5973244e+01   4.6226006e+01
   4.5973244e+01   5.2771055e+01
   4.5973244e+01   4.9966604e+01
   4.5973244e+01   4.0823650e+01
   4.5973244e+01   4.2937624e+01
   4.5973244e+01   4.2472964e+01
   4.5973244e+01   4.4794292e+01
   4.5973244e+01   4.6875758e+01
   4.5973244e+01   5.4738141e+01
   4.5973244e+01   4.5350464e+01
   4.5973244e+01   4.0809717e+01
   4.5973244e+01   5.8444894e+01
   4.5973244e+01   5.6479090e+01
   4.5973244e+01   5.4307389e+01
   4.5973244e+01   4.2805379e+01
   4.5973244e+01   4.1387936e+01
   4.5973244e+01   4.2543976e+01
   4.5973244e+01   4.6946314e+01
   4.5973244e+01   5.2880716e+01
   4.5973244e+01   4.1590204e+01
   4.5973244e+01   4.2883311e+01
   4.5973244e+01   4.9158486e+01
   4.5973244e+01   3.4176526e+01
   4.5973244e+01   3.8400385e+01
   4.5973244e+01   4.9651576e+01
   4.5973244e+01   4.3816787e+01
   4.5973244e+01   4.6842818e+01
   4.5973244e+01   5.0777011e+01
   4.5973244e+01   5.0383878e+01
   4.5973244e+01   4.4740812e+01
   4.5973244e+01   5.6377874e+01
   4.5973244e+01   4.8539775e+01
   4.5973244e+01   5.6968736e+01
   4.5973244e+01   5.5070540e+01
   4.5973244e+01   5.6666428e+01
   4.5973244e+01   3.4828961e+01
   4.5973244e+01   4.1331820e+01
   4.5973244e+01   4.3967827e+01
   4.5973244e+01   4.6193541e+01
   4.5973244e+01   3.7314882e+01
   4.5973244e+01   4.6177152e+01
   4.5973244e+01   5.4720536e+01
   4.5973244e+01   3.6397522e+01
   4.5973244e+01   3.8643981e+01
   4.5973244e+01   4.4640365e+01
   4.5973244e+01   4.1548061e+01
   4.5973244e+01   4.9957335e+01
   4.5973244e+01   5.1052999e+01
   4.5973244e+01   4.2604751e+01
   4.5973244e+01   4.4504983e+01
   4.5973244e+01   4.4964438e+01
   4.5973244e+01   4.7007747e+01
   4.5973244e+01   4.8441188e+01
   4.5973244e+01   4.9168124e+01
   4.5973244e+01   5.2419094e+01
   4.5973244e+01   3.9595843e+01
   4.5973244e+01   5.3126960e+01
   4.5973244e+01   4.0888942e+01
   4.5973244e+01   4.1912344e+01
   4.5973244e+01   4.9084341e+01
   4.5973244e+01   4.5087357e+01
   4.5973244e+01   3.4895372e+01
   4.5973244e+01   4.2091396e+01
   4.5973244e+01   4.8458765e+01
   4.5973244e+01   5.0441283e+01
   4.5973244e+01   3.7270276e+01
   4.5973244e+01   5.5517107e+01
   4.5973244e+01   4.4303287e+01
   4.5973244e+01   3.9652012e+01
   4.5973244e+01   4.7137631e+01
   4.5973244e+01   5.7950211e+01
   4.5973244e+01   3.9532161e+01
   4.5973244e+01   5.5564019e+01
   4.5973244e+01   4.9662234e+01
   4.5973244e+01   4.0585396e+01
   4.5973244e+01   4.9111293e+01
   4.5973244e+01   5.1075193e+01
   4.5973244e+01   4.2270337e+01
   4.5973244e+01   4.6937166e+01
   4.5973244e+01   4.6751510e+01
   4.5973244e+01   5.5111271e+01
   4.5973244e+01   4.3547135e+01
   4.5973244e+01   5.2646615e+01
   4.5973244e+01   5.2528616e+01
   4.5973244e+01   3.8072137e+01
   4.5973244e+01   5.4680863e+01
   4.5973244e+01   5.3905259e+01
   4.8173243e+01   4.0862190e+01
   5.0373241e+01   5.2227394e+01
   5.2573240e+01   5.2539565e+01
   5.4773239e+01   5.7378093e+01
   5.7062125e+01   5.4858166e+01
   5.9351011e+01   6.8217837e+01
   6.1639897e+01   6.0941892e+01
   6.3928783e+01   6.2101788e+01
   6.6217670e+01   6.8318061e+01
   6.6417668e+01   6.3443567e+01
   6.6617667e+01   6.1529878e+01
   6.6817665e+01   8.1797526e+01
   6.7017664e+01   7.2376105e+01
   6.7128775e+01   6.5240378e+01
   6.7239886e+01   7.0460675e+01
   6.7350997e+01   8.3297493e+01
   6.7462109e+01   6.7200357e+01
   6.7573220e+01   6.9114279e+01
   6.7573220e+01   6.7927337e+01
   6.7573220e+01   6.5555919e+01
   6.7573220e+01   6.1000878e+01
   6.7573220e+01   7.5135486e+01
   6.7573220e+01   6.3963283e+01
   6.7573220e+01   7.1788608e+01
   6.7573220e+01   7.5297048e+01
   6.7573220e+01   6.7933076e+01
   6.7573220e+01   6.1928087e+01
   6.7573220e+01   6.2524330e+01
   6.7573220e+01   7.4126938e+01
   6.7573220e+01   6.8889286e+01
