   3.6000000e+03   2.7866670e-01
   7.2000000e+03   7.5200001e-01
   1.0800000e+04   1.3193333e+00
   1.4400000e+04   2.0373333e+00
   1.8000000e+04   2.7406667e+00
   2.1600000e+04   3.4206666e+00
   2.5200000e+04   4.0453333e+00
   2.8800000e+04   4.6673333e+00
   3.2400000e+04   5.3020000e+00
   3.6000000e+04   6.0053333e+00
   3.9600000e+04   6.7286666e+00
   4.3200000e+04   7.4073333e+00
   4.6800000e+04   7.9939999e+00
   5.0400000e+04   8.4079999e+00
   5.4000000e+04   8.6979999e+00
   5.7600000e+04   8.6046666e+00
   6.1200000e+04   8.3293332e+00
   6.4800000e+04   7.9906666e+00
   6.8400000e+04   7.5679999e+00
   7.2000000e+04   7.0833333e+00
   7.5600000e+04   6.5706666e+00
   7.9200000e+04   6.1020000e+00
   8.2800000e+04   5.6166667e+00
   8.6400000e+04   5.3986666e+00
   9.0000000e+04   5.5120000e+00
   9.3600000e+04   5.9606667e+00
   9.7200000e+04   6.4840000e+00
   1.0080000e+05   7.1086667e+00
   1.0440000e+05   7.9380001e+00
   1.0800000e+05   8.8926668e+00
   1.1160000e+05   9.9713335e+00
   1.1520000e+05   1.1034667e+01
   1.1880000e+05   1.2171334e+01
   1.2240000e+05   1.3319334e+01
   1.2600000e+05   1.4489334e+01
   1.2960000e+05   1.5652667e+01
   1.3320000e+05   1.6596000e+01
   1.3680000e+05   1.7246000e+01
   1.4040000e+05   1.7451334e+01
   1.4400000e+05   1.7222667e+01
   1.4760000e+05   1.6619333e+01
   1.5120000e+05   1.6006000e+01
   1.5480000e+05   1.5409333e+01
   1.5840000e+05   1.4771333e+01
   1.6200000e+05   1.4096667e+01
   1.6560000e+05   1.3404667e+01
   1.6920000e+05   1.2738667e+01
   1.7280000e+05   1.2084000e+01
   1.7640000e+05   1.1396000e+01
   1.8000000e+05   1.0829333e+01
   1.8360000e+05   1.0307333e+01
   1.8720000e+05   1.0077333e+01
   1.9080000e+05   1.0174000e+01
   1.9440000e+05   1.0518667e+01
   1.9800000e+05   1.1082000e+01
   2.0160000e+05   1.1722000e+01
   2.0520000e+05   1.2356667e+01
   2.0880000e+05   1.2933333e+01
   2.1240000e+05   1.3460000e+01
   2.1600000e+05   1.3946667e+01
   2.1960000e+05   1.4326667e+01
   2.2320000e+05   1.4608000e+01
   2.2680000e+05   1.4814667e+01
   2.3040000e+05   1.4987334e+01
   2.3400000e+05   1.5037334e+01
   2.3760000e+05   1.5092667e+01
   2.4120000e+05   1.5073334e+01
   2.4480000e+05   1.4958000e+01
   2.4840000e+05   1.4759334e+01
   2.5200000e+05   1.4450667e+01
   2.5560000e+05   1.4100667e+01
   2.5920000e+05   1.3754667e+01
   2.6280000e+05   1.3458000e+01
   2.6640000e+05   1.3183333e+01
   2.7000000e+05   1.2903333e+01
   2.7360000e+05   1.2728000e+01
   2.7720000e+05   1.2683333e+01
   2.8080000e+05   1.2692667e+01
   2.8440000e+05   1.2791333e+01
   2.8800000e+05   1.2900000e+01
   2.9160000e+05   1.2972667e+01
   2.9520000e+05   1.3084000e+01
   2.9880000e+05   1.3186000e+01
   3.0240000e+05   1.3311333e+01
   3.0600000e+05   1.3383333e+01
   3.0960000e+05   1.3363333e+01
   3.1320000e+05   1.3278000e+01
   3.1680000e+05   1.3216667e+01
   3.2040000e+05   1.3173333e+01
   3.2400000e+05   1.3145333e+01
   3.2760000e+05   1.3067333e+01
   3.3120000e+05   1.2868667e+01
   3.3480000e+05   1.2542667e+01
   3.3840000e+05   1.2199333e+01
   3.4200000e+05   1.1886000e+01
   3.4560000e+05   1.1744667e+01
   3.4920000e+05   1.1646000e+01
   3.5280000e+05   1.1774000e+01
   3.5640000e+05   1.1955333e+01
   3.6000000e+05   1.2228667e+01
   3.6360000e+05   1.2622000e+01
   3.6720000e+05   1.3128667e+01
   3.7080000e+05   1.3665333e+01
   3.7440000e+05   1.4246667e+01
   3.7800000e+05   1.4791333e+01
   3.8160000e+05   1.5371333e+01
   3.8520000e+05   1.6053333e+01
   3.8880000e+05   1.6728000e+01
   3.9240000e+05   1.7216667e+01
   3.9600000e+05   1.7451333e+01
   3.9960000e+05   1.7431333e+01
   4.0320000e+05   1.7213333e+01
   4.0680000e+05   1.6752000e+01
   4.1040000e+05   1.6190667e+01
   4.1400000e+05   1.5582000e+01
   4.1760000e+05   1.4886667e+01
   4.2120000e+05   1.4076667e+01
   4.2480000e+05   1.3232000e+01
   4.2840000e+05   1.2502000e+01
   4.3200000e+05   1.1918667e+01
   4.3560000e+05   1.1678667e+01
   4.3920000e+05   1.1394667e+01
   4.4280000e+05   1.1369334e+01
   4.4640000e+05   1.1482000e+01
   4.5000000e+05   1.1940000e+01
   4.5360000e+05   1.2584667e+01
   4.5720000e+05   1.3310000e+01
   4.6080000e+05   1.3990000e+01
   4.6440000e+05   1.4683333e+01
   4.6800000e+05   1.5322000e+01
   4.7160000e+05   1.6002000e+01
   4.7520000e+05   1.6692000e+01
   4.7880000e+05   1.7228667e+01
   4.8240000e+05   1.7525333e+01
   4.8600000e+05   1.7653333e+01
   4.8960000e+05   1.7406667e+01
   4.9320000e+05   1.7145333e+01
   4.9680000e+05   1.6715333e+01
   5.0040000e+05   1.6246000e+01
   5.0400000e+05   1.5594667e+01
   5.0760000e+05   1.4870000e+01
   5.1120000e+05   1.4221333e+01
   5.1480000e+05   1.3678000e+01
   5.1840000e+05   1.3226000e+01
   5.2200000e+05   1.2872667e+01
   5.2560000e+05   1.2580000e+01
   5.2920000e+05   1.2436667e+01
   5.3280000e+05   1.2548000e+01
   5.3640000e+05   1.2828000e+01
   5.4000000e+05   1.3260000e+01
   5.4360000e+05   1.3346667e+01
   5.4720000e+05   1.3596667e+01
   5.5080000e+05   1.3955333e+01
   5.5440000e+05   1.4303333e+01
   5.5800000e+05   1.4710000e+01
   5.6160000e+05   1.5148667e+01
   5.6520000e+05   1.5420667e+01
   5.6880000e+05   1.5512667e+01
   5.7240000e+05   1.5431333e+01
   5.7600000e+05   1.5188000e+01
   5.7960000e+05   1.4846000e+01
   5.8320000e+05   1.4366000e+01
   5.8680000e+05   1.3742667e+01
   5.9040000e+05   1.3070667e+01
   5.9400000e+05   1.2332000e+01
   5.9760000e+05   1.1982000e+01
   6.0120000e+05   1.1552000e+01
   6.0480000e+05   1.1270000e+01
   6.0840000e+05   1.1246667e+01
   6.1200000e+05   1.1296667e+01
   6.1560000e+05   1.1422667e+01
   6.1920000e+05   1.1780667e+01
   6.2280000e+05   1.2318667e+01
   6.2640000e+05   1.2976667e+01
   6.3000000e+05   1.3833333e+01
   6.3360000e+05   1.4720000e+01
   6.3720000e+05   1.5626667e+01
   6.4080000e+05   1.6568000e+01
   6.4440000e+05   1.7406667e+01
   6.4800000e+05   1.8095333e+01
   6.5160000e+05   1.8644000e+01
   6.5520000e+05   1.9016000e+01
   6.5880000e+05   1.8944667e+01
   6.6240000e+05   1.8612667e+01
   6.6600000e+05   1.8124000e+01
   6.6960000e+05   1.7541333e+01
   6.7320000e+05   1.6801333e+01
   6.7680000e+05   1.5991333e+01
   6.8040000e+05   1.5133333e+01
   6.8400000e+05   1.4170000e+01
   6.8760000e+05   1.3412000e+01
   6.9120000e+05   1.2840000e+01
   6.9480000e+05   1.2448667e+01
   6.9840000e+05   1.2275333e+01
   7.0200000e+05   1.2326667e+01
   7.0560000e+05   1.2648000e+01
   7.0920000e+05   1.3154667e+01
   7.1280000e+05   1.3902667e+01
   7.1640000e+05   1.4766667e+01
   7.2000000e+05   1.5717333e+01
   7.2360000e+05   1.6678667e+01
   7.2720000e+05   1.7655333e+01
   7.3080000e+05   1.8625333e+01
   7.3440000e+05   1.9516667e+01
   7.3800000e+05   2.0281333e+01
   7.4160000e+05   2.0769333e+01
   7.4520000e+05   2.0938000e+01
   7.4880000e+05   2.0764667e+01
   7.5240000e+05   2.0338000e+01
   7.5600000e+05   1.9755333e+01
   7.5960000e+05   1.9013333e+01
   7.6320000e+05   1.8173333e+01
   7.6680000e+05   1.7272000e+01
   7.7040000e+05   1.6286667e+01
   7.7400000e+05   1.5491333e+01
   7.7760000e+05   1.4851333e+01
   7.8120000e+05   1.4444667e+01
   7.8480000e+05   1.4244667e+01
   7.8840000e+05   1.4418667e+01
   7.9200000e+05   1.4756667e+01
   7.9560000e+05   1.5193333e+01
   7.9920000e+05   1.5814667e+01
   8.0280000e+05   1.6616000e+01
   8.0640000e+05   1.7531333e+01
   8.1000000e+05   1.8508000e+01
   8.1360000e+05   1.9488000e+01
   8.1720000e+05   2.0442667e+01
   8.2080000e+05   2.1358000e+01
   8.2440000e+05   2.2171333e+01
   8.2800000e+05   2.2691333e+01
   8.3160000e+05   2.2932667e+01
   8.3520000e+05   2.2862667e+01
   8.3880000e+05   2.2484667e+01
   8.4240000e+05   2.1767333e+01
   8.4600000e+05   2.1019333e+01
   8.4960000e+05   2.0210667e+01
   8.5320000e+05   1.9349333e+01
   8.5680000e+05   1.8513333e+01
   8.6040000e+05   1.7646667e+01
   8.6400000e+05   1.6948000e+01
   8.6760000e+05   1.6500000e+01
   8.7120000e+05   1.6165333e+01
   8.7480000e+05   1.5946667e+01
   8.7840000e+05   1.5952000e+01
   8.8200000e+05   1.6058667e+01
   8.8560000e+05   1.6170667e+01
   8.8920000e+05   1.6326000e+01
   8.9280000e+05   1.6567333e+01
   8.9640000e+05   1.6797333e+01
   9.0000000e+05   1.7036000e+01
   9.0360000e+05   1.7312667e+01
   9.0720000e+05   1.7559333e+01
   9.1080000e+05   1.7764000e+01
   9.1440000e+05   1.7867333e+01
   9.1800000e+05   1.7745333e+01
   9.2160000e+05   1.7372000e+01
   9.2520000e+05   1.6950000e+01
   9.2880000e+05   1.6465333e+01
   9.3240000e+05   1.5893333e+01
   9.3600000e+05   1.5326667e+01
   9.3960000e+05   1.4860000e+01
   9.4320000e+05   1.4450000e+01
   9.4680000e+05   1.4106667e+01
   9.5040000e+05   1.3825333e+01
   9.5400000e+05   1.3553333e+01
   9.5760000e+05   1.3320667e+01
   9.6120000e+05   1.3147333e+01
   9.6480000e+05   1.3024000e+01
   9.6840000e+05   1.3055333e+01
   9.7200000e+05   1.3229333e+01
   9.7560000e+05   1.3537333e+01
   9.7920000e+05   1.3962000e+01
   9.8280000e+05   1.4408000e+01
   9.8640000e+05   1.4828000e+01
   9.9000000e+05   1.5209333e+01
   9.9360000e+05   1.5542667e+01
   9.9720000e+05   1.5852000e+01
   1.0008000e+06   1.6122000e+01
   1.0044000e+06   1.6372000e+01
   1.0080000e+06   1.6608667e+01
   1.0116000e+06   1.6783333e+01
   1.0152000e+06   1.6910000e+01
   1.0188000e+06   1.6984667e+01
   1.0224000e+06   1.6976667e+01
   1.0260000e+06   1.6872667e+01
   1.0296000e+06   1.6609333e+01
   1.0332000e+06   1.6301333e+01
   1.0368000e+06   1.6028000e+01
   1.0404000e+06   1.5781333e+01
   1.0440000e+06   1.5740000e+01
   1.0476000e+06   1.5768667e+01
   1.0512000e+06   1.5990667e+01
   1.0548000e+06   1.6256000e+01
   1.0584000e+06   1.6599333e+01
   1.0620000e+06   1.7030444e+01
   1.0656000e+06   1.7510444e+01
   1.0692000e+06   1.8005111e+01
   1.0728000e+06   1.8425778e+01
   1.0764000e+06   1.8948444e+01
   1.0800000e+06   1.9455111e+01
   1.0836000e+06   1.9750444e+01
   1.0872000e+06   1.9843778e+01
   1.0908000e+06   1.9773778e+01
   1.0944000e+06   1.9620444e+01
   1.0980000e+06   1.9225778e+01
   1.1016000e+06   1.8773778e+01
   1.1052000e+06   1.8167111e+01
   1.1088000e+06   1.7580444e+01
   1.1124000e+06   1.6915778e+01
   1.1160000e+06   1.6126667e+01
   1.1196000e+06   1.5420000e+01
   1.1232000e+06   1.5003333e+01
   1.1268000e+06   1.4829333e+01
   1.1304000e+06   1.4761333e+01
   1.1340000e+06   1.4764667e+01
   1.1376000e+06   1.5074667e+01
   1.1412000e+06   1.5571333e+01
   1.1448000e+06   1.6313333e+01
   1.1484000e+06   1.6984667e+01
   1.1520000e+06   1.7506000e+01
   1.1556000e+06   1.8166000e+01
   1.1592000e+06   1.8610667e+01
   1.1628000e+06   1.9020667e+01
   1.1664000e+06   1.9282000e+01
   1.1700000e+06   1.9597333e+01
   1.1736000e+06   1.9769333e+01
   1.1772000e+06   1.9661333e+01
   1.1808000e+06   1.9412000e+01
   1.1844000e+06   1.8932000e+01
   1.1880000e+06   1.8378667e+01
   1.1916000e+06   1.7778667e+01
   1.1952000e+06   1.7116667e+01
   1.1988000e+06   1.6308000e+01
   1.2024000e+06   1.5638000e+01
   1.2060000e+06   1.5196000e+01
   1.2096000e+06   1.4784667e+01
   1.2132000e+06   1.4554667e+01
   1.2168000e+06   1.4289333e+01
   1.2204000e+06   1.4250667e+01
   1.2240000e+06   1.4226667e+01
   1.2276000e+06   1.4266000e+01
   1.2312000e+06   1.4187333e+01
   1.2348000e+06   1.4135333e+01
   1.2384000e+06   1.4145333e+01
   1.2420000e+06   1.4178667e+01
   1.2456000e+06   1.4104000e+01
   1.2492000e+06   1.4021333e+01
   1.2528000e+06   1.3970000e+01
   1.2564000e+06   1.3893333e+01
   1.2600000e+06   1.3792000e+01
   1.2636000e+06   1.3526667e+01
   1.2672000e+06   1.3295333e+01
   1.2708000e+06   1.3108667e+01
   1.2744000e+06   1.2800667e+01
   1.2780000e+06   1.2459333e+01
   1.2816000e+06   1.2121333e+01
   1.2852000e+06   1.1930000e+01
   1.2888000e+06   1.1703333e+01
   1.2924000e+06   1.1465333e+01
   1.2960000e+06   1.1239333e+01
   1.2996000e+06   1.1147333e+01
   1.3032000e+06   1.1162000e+01
   1.3068000e+06   1.1175333e+01
   1.3104000e+06   1.1207333e+01
   1.3140000e+06   1.1277333e+01
   1.3176000e+06   1.1490667e+01
   1.3212000e+06   1.1769333e+01
   1.3248000e+06   1.2029333e+01
   1.3284000e+06   1.2390667e+01
   1.3320000e+06   1.2832667e+01
   1.3356000e+06   1.3388000e+01
   1.3392000e+06   1.3874667e+01
   1.3428000e+06   1.4216000e+01
   1.3464000e+06   1.4354000e+01
   1.3500000e+06   1.4364000e+01
   1.3536000e+06   1.4307333e+01
   1.3572000e+06   1.4144000e+01
   1.3608000e+06   1.4034000e+01
   1.3644000e+06   1.3944000e+01
   1.3680000e+06   1.3787333e+01
   1.3716000e+06   1.3507333e+01
   1.3752000e+06   1.3160667e+01
   1.3788000e+06   1.2900667e+01
   1.3824000e+06   1.2639333e+01
   1.3860000e+06   1.2460667e+01
   1.3896000e+06   1.2347333e+01
   1.3932000e+06   1.2320667e+01
   1.3968000e+06   1.2422667e+01
   1.4004000e+06   1.2710667e+01
   1.4040000e+06   1.3232000e+01
   1.4076000e+06   1.3775333e+01
   1.4112000e+06   1.4373333e+01
   1.4148000e+06   1.4948000e+01
   1.4184000e+06   1.5518000e+01
   1.4220000e+06   1.6103333e+01
   1.4256000e+06   1.6738667e+01
   1.4292000e+06   1.7205333e+01
   1.4328000e+06   1.7506667e+01
   1.4364000e+06   1.7740000e+01
   1.4400000e+06   1.7773333e+01
   1.4436000e+06   1.7511333e+01
   1.4472000e+06   1.7238000e+01
   1.4508000e+06   1.6961333e+01
   1.4544000e+06   1.6643333e+01
   1.4580000e+06   1.6191333e+01
   1.4616000e+06   1.5684667e+01
   1.4652000e+06   1.5176667e+01
   1.4688000e+06   1.5003333e+01
   1.4724000e+06   1.4790000e+01
   1.4760000e+06   1.4551333e+01
   1.4796000e+06   1.4339333e+01
   1.4832000e+06   1.4340667e+01
   1.4868000e+06   1.4524667e+01
   1.4904000e+06   1.4804667e+01
   1.4940000e+06   1.5174667e+01
   1.4976000e+06   1.5621333e+01
   1.5012000e+06   1.6106666e+01
   1.5048000e+06   1.6594666e+01
   1.5084000e+06   1.7114666e+01
   1.5120000e+06   1.7600000e+01
   1.5156000e+06   1.8058666e+01
   1.5192000e+06   1.8240000e+01
   1.5228000e+06   1.7925333e+01
   1.5264000e+06   1.7566666e+01
   1.5300000e+06   1.7200000e+01
   1.5336000e+06   1.6718000e+01
   1.5372000e+06   1.6146667e+01
   1.5408000e+06   1.5438000e+01
   1.5444000e+06   1.4653333e+01
   1.5480000e+06   1.3818000e+01
   1.5516000e+06   1.3166667e+01
   1.5552000e+06   1.2776000e+01
   1.5588000e+06   1.2538000e+01
   1.5624000e+06   1.2472667e+01
   1.5660000e+06   1.2532667e+01
   1.5696000e+06   1.2737333e+01
   1.5732000e+06   1.3244667e+01
   1.5768000e+06   1.3928000e+01
   1.5804000e+06   1.4743333e+01
   1.5840000e+06   1.5670000e+01
   1.5876000e+06   1.6680667e+01
   1.5912000e+06   1.7705333e+01
   1.5948000e+06   1.8768667e+01
   1.5984000e+06   1.9870000e+01
   1.6020000e+06   2.0806667e+01
   1.6056000e+06   2.1361333e+01
   1.6092000e+06   2.1393333e+01
   1.6128000e+06   2.1188000e+01
   1.6164000e+06   2.0764667e+01
   1.6200000e+06   2.0184667e+01
   1.6236000e+06   1.9518000e+01
   1.6272000e+06   1.8697333e+01
   1.6308000e+06   1.7828667e+01
   1.6344000e+06   1.6917333e+01
   1.6380000e+06   1.6177333e+01
   1.6416000e+06   1.5882000e+01
   1.6452000e+06   1.5678667e+01
   1.6488000e+06   1.5664000e+01
   1.6524000e+06   1.5555333e+01
   1.6560000e+06   1.5760667e+01
   1.6596000e+06   1.6237333e+01
   1.6632000e+06   1.6974000e+01
   1.6668000e+06   1.7839333e+01
   1.6704000e+06   1.8776666e+01
   1.6740000e+06   1.9773333e+01
   1.6776000e+06   2.0753333e+01
   1.6812000e+06   2.1835333e+01
   1.6848000e+06   2.2770666e+01
   1.6884000e+06   2.3600000e+01
   1.6920000e+06   2.4011333e+01
   1.6956000e+06   2.3951333e+01
   1.6992000e+06   2.3779333e+01
   1.7028000e+06   2.3464000e+01
   1.7064000e+06   2.3190667e+01
   1.7100000e+06   2.2666000e+01
   1.7136000e+06   2.2018000e+01
   1.7172000e+06   2.1209333e+01
   1.7208000e+06   2.0339333e+01
   1.7244000e+06   1.9724000e+01
   1.7280000e+06   1.9176000e+01
   1.7316000e+06   1.8917333e+01
   1.7352000e+06   1.8777334e+01
   1.7388000e+06   1.8890667e+01
   1.7424000e+06   1.9166000e+01
   1.7460000e+06   1.9768000e+01
   1.7496000e+06   2.0381334e+01
   1.7532000e+06   2.1092000e+01
   1.7568000e+06   2.1824000e+01
   1.7604000e+06   2.2264000e+01
   1.7640000e+06   2.2743333e+01
   1.7676000e+06   2.3133333e+01
   1.7712000e+06   2.3412000e+01
   1.7748000e+06   2.3737333e+01
   1.7784000e+06   2.3757333e+01
   1.7820000e+06   2.3758667e+01
   1.7856000e+06   2.3564000e+01
   1.7892000e+06   2.3234000e+01
   1.7928000e+06   2.2730667e+01
   1.7964000e+06   2.2256000e+01
   1.8000000e+06   2.1604000e+01
   1.8036000e+06   2.0900667e+01
   1.8072000e+06   2.0120667e+01
   1.8108000e+06   1.9285333e+01
   1.8144000e+06   1.8842667e+01
   1.8180000e+06   1.8631333e+01
   1.8216000e+06   1.8612667e+01
   1.8252000e+06   1.8862667e+01
   1.8288000e+06   1.9080667e+01
   1.8324000e+06   1.9219334e+01
   1.8360000e+06   1.9489333e+01
   1.8396000e+06   1.9732667e+01
   1.8432000e+06   2.0107333e+01
   1.8468000e+06   2.0478667e+01
   1.8504000e+06   2.0751333e+01
   1.8540000e+06   2.1045333e+01
   1.8576000e+06   2.1345333e+01
   1.8612000e+06   2.1515333e+01
   1.8648000e+06   2.1555333e+01
   1.8684000e+06   2.1360000e+01
   1.8720000e+06   2.0968000e+01
   1.8756000e+06   2.0514667e+01
   1.8792000e+06   1.9940000e+01
   1.8828000e+06   1.9344667e+01
   1.8864000e+06   1.8856000e+01
   1.8900000e+06   1.8176000e+01
   1.8936000e+06   1.7514000e+01
   1.8972000e+06   1.6899333e+01
   1.9008000e+06   1.6444667e+01
   1.9044000e+06   1.6073333e+01
   1.9080000e+06   1.5793333e+01
   1.9116000e+06   1.5563333e+01
   1.9152000e+06   1.5544667e+01
   1.9188000e+06   1.5711333e+01
   1.9224000e+06   1.6111333e+01
   1.9260000e+06   1.6588000e+01
   1.9296000e+06   1.7101333e+01
   1.9332000e+06   1.7676000e+01
   1.9368000e+06   1.8289333e+01
   1.9404000e+06   1.8872667e+01
   1.9440000e+06   1.9462667e+01
   1.9476000e+06   1.9826667e+01
   1.9512000e+06   1.9803333e+01
   1.9548000e+06   1.9515333e+01
   1.9584000e+06   1.9055333e+01
   1.9620000e+06   1.8468667e+01
   1.9656000e+06   1.7780667e+01
   1.9692000e+06   1.7006000e+01
   1.9728000e+06   1.6128000e+01
   1.9764000e+06   1.5138000e+01
   1.9800000e+06   1.4138667e+01
   1.9836000e+06   1.3450667e+01
   1.9872000e+06   1.2965333e+01
   1.9908000e+06   1.2652667e+01
   1.9944000e+06   1.2509333e+01
   1.9980000e+06   1.2382667e+01
   2.0016000e+06   1.2312667e+01
   2.0052000e+06   1.2280667e+01
   2.0088000e+06   1.2220667e+01
   2.0124000e+06   1.1952667e+01
   2.0160000e+06   1.1737333e+01
   2.0196000e+06   1.1650667e+01
